78.2,58.4,28.3,74.0,49.1
98.7,34.0,33.43333333333334,62.7,57.0
99.1,100.0,38.66666666666666,82.0,78.3
85.4,84.0,34.93333333333333,86.4,80.6
99.1,53.1,28.266666666666666,78.6,51.6
97.9,88.19999999999996,41.73333333333333,91.6,69.8
92.1,49.7,27.36666666666667,74.19999999999997,64.9
95.7,64.6,30.43333333333333,70.6,70.1
96.8,76.80000000000003,31.566666666666666,95.0,64.4
98.9,95.7,36.966666666666654,97.9,81.5
100.0,100.0,41.63333333333333,100.0,100.0
96.9,94.9,32.73333333333333,88.0,67.6
98.8,92.3,30.0,89.5,76.5
99.5,85.4,31.13333333333333,86.8,78.3
96.5,79.1,36.5,89.50000000000001,70.6
98.5,89.7,34.73333333333333,73.8,70.60000000000002
96.7,95.8,31.899999999999995,82.9,83.4
98.7,64.1,34.66666666666667,84.9,74.5
98.9,61.5,32.56666666666667,92.3,72.5
100.0,92.9,31.23333333333333,80.3,38.5
99.0,99.0,35.333333333333336,93.0,89.0
99.5,98.6,32.40000000000001,88.30000000000004,87.9
98.3,96.5,33.1,66.9,69.8
89.7,96.9,32.0,82.5,86.5
97.3,74.7,33.833333333333336,86.39999999999998,65.89999999999999
100.0,97.9,35.4,80.99999999999999,64.1
100.0,97.2,33.63333333333333,94.5,81.19999999999997
98.9,79.6,34.7,81.89999999999998,54.0
99.0,87.8,30.633333333333336,96.2,77.0
95.0,85.9,29.16666666666667,95.0,78.3
96.7,93.4,27.6,58.3,62.3
99.1,95.4,40.6,84.5,74.5
99.1,84.30000000000003,31.16666666666667,82.4,68.5
98.8,95.3,33.833333333333336,85.10000000000002,77.9
98.3,84.5,33.3,79.0,65.1
97.4,60.4,37.16666666666666,81.80000000000003,68.7
98.9,72.9,31.63333333333333,80.7,56.5
95.7,85.9,31.96666666666667,83.1,79.5
99.0,80.4,26.466666666666665,70.10000000000001,82.4
97.7,97.3,36.2,92.1,88.69999999999996
98.6,89.9,30.2,87.1,57.6
99.6,68.69999999999999,34.266666666666666,87.80000000000004,86.69999999999996
100.0,76.9,36.4,90.7,98.5
100.0,88.4,32.23333333333333,90.0,89.2
97.9,93.6,31.23333333333333,92.2,69.7
98.8,87.4,33.63333333333333,84.19999999999997,60.6
100.0,90.0,32.13333333333333,89.6,84.6
100.0,90.1,38.06666666666667,94.4,95.7
99.5,75.2,30.26666666666667,81.7,69.9
98.7,89.0,36.833333333333336,91.6,89.4
100.0,100.0,69.46666666666665,100.0,191.7
98.6,59.1,33.56666666666667,89.4,76.10000000000002
98.5,98.6,34.36666666666667,89.6,86.6
97.2,93.4,29.53333333333333,78.3,65.1
99.3,77.7,38.46666666666667,96.2,99.3
100.0,88.4,35.03333333333333,76.9,70.5
99.0,89.1,55.8,91.6,95.7
100.0,63.8,35.9,91.0,78.7
99.1,99.1,33.9,89.7,67.2
98.2,92.9,38.2,95.0,85.9
96.7,84.4,34.13333333333333,83.60000000000002,55.4
99.6,78.5,39.73333333333333,84.8,76.3
95.9,73.9,33.36666666666667,83.5,61.3
96.5,64.4,39.7,80.8,70.3
100.0,87.30000000000004,35.86666666666667,80.10000000000002,64.6
100.0,63.0,31.633333333333336,80.60000000000002,62.0
98.4,92.9,35.7,98.5,84.2
97.3,73.7,36.833333333333336,89.5,70.5
100.0,95.7,40.766666666666666,93.1,71.9
98.5,67.8,44.2,79.19999999999997,54.6
99.0,95.6,36.966666666666654,76.8,51.9
95.5,93.6,34.63333333333333,78.4,67.89999999999999
100.0,94.6,37.73333333333333,23.1,59.3
100.0,66.5,35.266666666666666,80.80000000000003,72.4
100.0,99.5,37.2,87.5,72.0
97.1,91.3,36.23333333333333,86.3,79.89999999999998
97.7,100.0,32.2,90.9,59.1
100.0,100.0,25.0,50.0,50.0
97.5,83.5,40.36666666666667,90.9,68.2
98.9,83.1,42.66666666666666,83.2,85.4
97.1,87.69999999999996,38.1,79.1,88.5
100.0,92.3,38.466666666666654,76.9,66.6
99.8,96.7,51.83333333333334,99.6,132.2
100.0,88.9,49.06666666666667,100.0,83.30000000000003
99.4,97.3,37.63333333333333,90.1,68.2
98.2,97.3,74.56666666666669,91.9,74.6
100.0,94.0,45.9,84.8,65.6
99.5,80.9,32.56666666666666,95.0,70.2
93.1,89.19999999999996,35.53333333333333,74.0,67.9
98.4,72.4,30.466666666666665,69.6,38.1
96.4,36.7,26.83333333333333,85.9,67.5
95.1,76.0,33.96666666666667,83.0,50.9
99.7,90.4,43.66666666666666,89.2,79.0
100.0,100.0,60.0,100.0,100.0
100.0,75.4,36.4,95.3,78.5
99.6,97.6,48.36666666666667,93.6,66.5
97.7,51.7,32.93333333333333,86.20000000000002,77.0
96.2,94.0,35.86666666666667,84.89999999999998,65.2
93.0,40.5,33.46666666666666,85.6,65.7
90.8,81.6,37.433333333333344,90.7,67.7
80.4,51.7,30.66666666666666,83.5,70.5
98.7,37.5,38.766666666666666,85.0,56.2
95.9,93.4,40.73333333333333,85.2,53.90000000000001
100.0,62.7,37.333333333333336,90.4,89.2
100.0,87.30000000000004,41.16666666666667,81.2,48.3
100.0,78.6,49.96666666666667,100.0,64.2
99.5,50.0,36.4,90.3,62.8
98.4,69.6,31.466666666666665,91.2,57.6
98.8,73.4,40.8,67.3,41.2
98.7,89.5,32.9,92.1,84.2
97.0,71.3,33.93333333333333,74.9,58.3
98.4,75.4,26.7,66.5,42.9
95.2,94.0,32.5,83.69999999999997,92.7
98.3,96.7,34.13333333333333,90.7,62.1
99.0,67.5,27.5,74.5,55.0
96.8,87.8,30.33333333333333,75.39999999999998,27.8
100.0,67.8,33.6,87.4,61.4
100.0,56.7,36.833333333333336,92.5,80.60000000000002
91.7,77.1,30.66666666666667,68.60000000000001,53.90000000000001
88.2,73.2,27.53333333333333,82.2,57.2
99.8,98.3,36.966666666666654,92.2,67.10000000000001
98.9,88.2,39.4,42.4,77.39999999999998
100.0,67.80000000000001,38.36666666666667,86.3,87.0
97.2,47.1,24.83333333333333,91.5,41.5
81.9,94.5,37.03333333333335,56.9,73.6
97.5,89.9,33.2,91.7,58.8
89.5,92.1,28.93333333333333,78.9,73.69999999999997
100.0,93.9,45.96666666666667,97.0,118.2
84.8,42.3,28.83333333333333,86.5,40.7
100.0,99.7,34.666666666666664,85.8,63.6
78.10000000000002,46.5,17.266666666666666,29.9,20.3
97.3,99.5,33.166666666666664,65.4,36.8
100.0,97.6,32.800000000000004,79.8,68.6
98.3,93.4,31.1,73.3,56.7
100.0,71.5,31.73333333333333,10.7,57.2
97.0,64.69999999999999,38.63333333333333,84.9,60.2
96.1,93.9,26.899999999999995,62.6,34.0
91.8,100.0,39.7,93.2,80.80000000000003
100.0,100.0,60.0,80.0,66.6
84.89999999999998,83.2,30.93333333333333,69.2,46.9
99.6,83.8,38.26666666666667,86.0,69.1
100.0,97.8,37.66666666666666,97.9,106.6
90.8,10.5,27.63333333333333,79.0,47.40000000000001
60.8,93.0,32.266666666666666,86.1,62.7
98.8,93.9,35.36666666666667,87.80000000000004,46.4
94.9,84.7,37.4,90.3,71.9
97.9,52.1,30.566666666666666,78.0,50.7
98.3,98.2,48.23333333333333,98.3,108.6
100.0,95.7,27.566666666666666,74.80000000000003,31.4
91.0,62.8,23.766666666666666,62.8,41.7
96.5,49.6,31.133333333333336,78.1,49.2
90.6,65.6,25.2,71.5,43.1
97.0,28.9,59.46666666666666,23.7,54.0
99.3,88.0,32.36666666666667,93.6,94.3
97.0,78.8,35.86666666666667,87.9,66.6
94.5,95.6,33.7,92.3,31.9
91.1,71.2,33.333333333333336,77.8,35.6
100.0,50.0,43.46666666666667,95.6,84.8
94.5,73.10000000000002,34.5,86.2,62.1
98.7,97.3,37.73333333333333,73.3,78.7
98.4,97.6,37.6,50.40000000000001,80.0
94.5,38.5,36.63333333333333,95.6,80.2
97.7,48.1,33.86666666666667,31.3,89.30000000000004
99.1,89.19999999999996,40.4,89.1,57.6
97.9,85.7,36.7,78.60000000000002,52.8
99.4,94.5,35.933333333333344,80.2,77.89999999999998
83.3,83.4,38.1,69.0,42.8
93.5,84.39999999999998,29.866666666666664,83.10000000000002,62.3
98.7,61.2,32.76666666666667,74.7,44.8
97.3,45.3,32.93333333333334,76.30000000000003,41.90000000000001
97.6,33.1,46.56666666666667,89.4,55.5
99.2,68.5,41.966666666666654,91.5,64.7
93.9,39.4,30.9,71.9,55.2
98.2,30.9,31.63333333333333,79.7,51.2
97.5,17.3,32.666666666666664,70.3,44.9
100.0,0.0,66.66666666666667,100.0,100.0
97.5,22.0,33.76666666666667,78.6,45.7
99.0,35.40000000000001,39.76666666666666,78.8,56.6
89.0,85.6,24.6,61.6,22.3
100.0,76.1,60.13333333333333,93.5,65.2
97.9,46.0,25.73333333333333,64.1,18.6
99.2,77.6,34.53333333333334,86.6,59.2
94.2,1.0,25.96666666666667,69.3,48.1
100.0,100.0,55.53333333333333,100.0,33.3
95.8,77.9,31.5,74.5,59.5
66.7,44.4,18.5,55.5,22.2
100.0,82.6,31.20000000000001,91.3,60.0
99.4,31.2,36.90000000000001,89.4,85.60000000000002
97.0,18.2,31.8,83.3,56.1
98.0,57.5,33.666666666666664,81.3,61.8
93.9,72.1,27.6,70.1,45.7
100.0,68.7,34.13333333333333,93.8,77.5
98.6,84.5,32.86666666666667,76.0,55.0
96.7,13.0,35.46666666666665,77.4,58.0
98.0,63.3,32.53333333333333,85.19999999999997,42.3
90.0,30.0,44.46666666666667,93.3,90.0
100.0,83.0,34.46666666666667,88.6,51.2
95.9,74.9,37.43333333333333,82.4,70.10000000000001
99.5,99.5,24.66666666666667,42.9,33.8
91.3,73.89999999999998,38.066666666666656,94.6,47.8
88.6,73.3,36.93333333333333,41.6,42.0
97.7,89.0,29.066666666666666,77.39999999999998,26.2
93.6,92.9,23.8,42.1,22.9
95.5,97.3,33.0,79.8,57.0
96.9,41.4,31.96666666666667,80.60000000000002,70.7
98.4,87.2,36.4,78.2,53.8
99.3,100.0,44.63333333333333,81.3,32.4
98.0,57.0,28.1,72.3,50.0
98.1,50.5,31.43333333333333,70.0,40.0
100.0,92.5,34.73333333333333,74.4,65.7
96.6,83.0,33.56666666666667,71.8,57.5
98.9,42.0,29.5,91.4,38.5
97.2,62.40000000000001,32.73333333333333,77.2,32.4
98.4,69.5,31.33333333333333,82.7,63.8
100.0,38.1,49.66666666666666,96.6,59.90000000000001
98.2,70.2,46.8,87.8,86.0
97.6,81.1,32.93333333333333,90.9,54.3
98.6,95.9,46.26666666666666,93.2,69.39999999999999
97.7,81.69999999999997,27.73333333333333,66.69999999999999,55.8
99.3,72.5,33.800000000000004,78.10000000000002,50.7
98.7,74.6,46.69999999999999,90.7,77.3
99.3,69.2,32.300000000000004,90.7,59.3
99.0,87.0,32.333333333333336,66.0,67.0
93.2,94.6,41.9,67.6,31.1
100.0,91.7,30.53333333333333,75.0,41.6
92.0,54.99999999999999,31.96666666666667,64.8,57.3
89.3,45.6,34.93333333333333,81.50000000000001,68.9
100.0,54.9,35.2,84.5,118.3
94.8,26.6,34.599999999999994,84.0,60.5
98.5,34.8,36.13333333333333,89.3,55.7
94.0,84.0,28.0,82.0,54.0
94.7,36.9,40.333333333333336,94.7,100.0
96.9,75.5,27.73333333333333,71.80000000000003,62.6
99.0,10.4,37.16666666666666,91.6,65.6
98.2,83.6,33.4,80.8,51.6
88.2,59.0,28.266666666666666,59.00000000000001,20.8
94.3,22.7,26.633333333333336,33.5,37.1
96.8,60.3,35.63333333333333,84.39999999999998,64.0
94.6,56.0,30.86666666666667,72.3,39.2
98.2,60.8,35.3,94.1,79.5
98.2,80.5,29.93333333333333,86.7,74.8
98.9,76.8,38.16666666666666,81.39999999999998,74.7
96.5,26.0,32.56666666666667,69.2,32.4
94.3,73.89999999999998,33.7,76.2,49.7
97.6,92.7,29.66666666666667,64.7,46.4
100.0,91.6,34.800000000000004,87.2,74.9
100.0,62.6,31.766666666666666,95.3,67.4
97.8,74.2,30.16666666666667,84.8,57.90000000000001
96.7,4.4,33.5,79.6,60.4
94.2,52.4,28.23333333333333,45.2,36.8
99.6,77.2,34.93333333333333,89.50000000000001,59.2
99.2,55.4,30.36666666666667,81.0,55.0
97.5,11.0,26.96666666666667,70.7,61.8
99.5,0.3,28.83333333333333,79.6,49.7
97.8,3.6,28.5,82.9,48.7
99.0,50.9,30.566666666666666,82.0,47.2
98.3,39.1,27.33333333333334,78.9,50.0
98.5,9.4,30.93333333333333,69.7,35.2
99.7,0.6,40.7,83.3,71.30000000000003
98.1,15.9,31.7,85.3,45.0
97.5,5.6000000000000005,32.76666666666667,66.4,46.5
96.2,7.0,31.0,79.8,47.7
95.2,36.3,40.5,87.2,59.6
95.0,33.2,25.36666666666667,63.4,44.3
98.4,99.7,30.399999999999995,74.0,47.8
98.1,38.8,31.0,81.0,59.3
98.3,52.1,36.66666666666666,85.89999999999998,42.9
91.4,32.7,28.633333333333336,84.5,43.9
99.2,22.0,42.566666666666656,77.9,50.2
97.9,82.7,35.166666666666664,91.4,44.8
97.5,42.8,29.53333333333333,75.9,37.4
97.8,47.40000000000001,29.26666666666667,78.2,42.7
95.5,29.5,28.96666666666667,71.0,41.1
96.5,85.1,29.36666666666667,70.5,31.4
99.8,86.0,32.333333333333336,84.19999999999997,48.2
98.9,79.3,30.16666666666667,71.5,54.7
98.3,31.3,27.9,69.0,39.3
98.8,2.2,26.90000000000001,63.2,39.2
98.8,30.7,33.0,75.5,51.9
98.0,58.8,34.833333333333336,90.4,68.80000000000001
98.9,86.4,26.8,77.1,49.8
98.1,97.3,34.86666666666667,82.0,40.4
95.4,75.8,36.16666666666667,84.3,54.1
98.7,76.1,39.8,84.70000000000002,53.2
95.8,73.7,23.7,49.0,29.1
99.6,44.0,34.46666666666666,89.8,48.3
96.8,62.2,39.93333333333333,89.9,45.8
95.8,21.6,29.16666666666667,81.9,47.1
95.5,17.5,33.9,78.5,52.8
93.8,35.60000000000001,37.13333333333333,82.3,49.8
97.5,37.7,32.7,86.3,56.2
97.5,74.7,30.566666666666666,81.00000000000001,50.7
98.9,56.40000000000001,34.266666666666666,79.3,51.3
100.0,53.3,37.13333333333333,76.1,41.3
98.6,36.3,35.0,80.80000000000003,56.8
91.6,46.7,28.93333333333333,80.7,46.2
96.9,68.69999999999999,37.26296296296297,84.23888888888888,50.494444444444454
99.3,23.9,31.8,73.7,41.1
97.4,12.9,28.46666666666667,73.5,49.1
97.8,19.5,27.1,58.49999999999999,31.0
96.9,5.3,27.33333333333334,59.0,41.5
95.1,9.6,32.166666666666664,60.5,37.9
95.9,35.6,27.03333333333333,72.10000000000002,50.7
92.0,2.9000000000000004,26.066666666666666,81.8,37.5
99.6,3.0,43.16666666666666,92.3,63.2
96.1,24.3,27.5,78.9,52.9
98.1,11.2,24.96666666666667,69.19999999999999,30.1
97.5,34.6,35.80000000000001,76.8,46.8
97.8,22.4,28.6,71.9,42.6
99.1,49.8,31.40000000000001,73.8,53.8
97.9,44.8,31.3,80.3,57.90000000000001
86.7,16.799999999999994,29.46666666666667,76.4,43.7
83.9,47.6,27.03333333333333,69.89999999999999,37.1
93.4,39.4,27.43333333333333,68.1,47.5
96.6,42.3,30.83333333333333,87.2,62.7
98.5,32.5,30.53333333333333,89.7,58.1
85.0,37.8,22.566666666666666,51.9,28.0
96.0,29.7,27.866666666666664,76.6,47.8
74.30000000000003,14.3,31.43333333333333,51.4,28.6
80.6,4.800000000000002,19.33333333333333,59.7,43.5
88.5,0.0,31.8,94.7,81.7
97.5,1.9,47.23333333333333,86.0,50.7
96.0,52.4,31.2,87.1,61.3
100.0,52.9,31.86666666666667,90.2,64.2
93.6,0.0,30.66666666666667,83.1,50.3
94.8,12.7,30.9,78.9,52.6
100.0,0.0,33.333333333333336,100.0,88.89999999999998
91.5,30.9,32.03333333333333,64.4,53.7
95.76666666666668,37.083333333333336,34.225000000000016,77.75833333333334,49.09166666666666
82.2,27.9,26.133333333333336,68.2,45.1
72.9,15.3,31.000000000000004,78.80000000000003,60.0
99.0,49.5,30.266666666666666,86.6,53.6
100.0,33.3,27.766666666666666,100.0,116.7
77.60000000000002,23.20000000000001,30.9,74.60000000000002,50.0
97.4,41.8,32.266666666666666,79.00000000000001,68.8
100.0,30.7,30.76666666666667,88.5,67.3
98.2,59.3,34.93333333333333,89.60000000000002,55.6
94.6,23.9,28.16666666666667,60.1,36.5
96.6,0.0,24.86666666666667,55.9,67.8
97.3,40.7,27.16666666666667,55.9,41.8
87.7,5.8,28.0,59.4,26.2
79.5,0.8,9.033333333333333,33.599999999999994,12.3
93.2,27.2,27.766666666666666,80.6,59.1
100.0,6.7,33.3,73.3,50.0
77.2,0.5,18.6,10.2,36.4
100.0,0.0,10.0,30.0,35.0
100.0,4.1,40.833333333333336,61.2,38.7
78.6,18.1,20.7,71.9,41.8
99.3,0.4,15.8,38.1,29.0
81.1,56.8,23.43333333333333,44.8,33.7
77.2,34.7,25.766666666666666,36.7,45.6
88.1,36.5,26.73333333333333,83.30000000000003,57.2
98.1,45.7,34.0,89.5,57.1
99.4,0.0,20.566666666666666,16.5,33.4
97.1,35.0,36.2,85.0,48.5
63.7,38.9,23.03333333333333,67.2,54.0
97.4,31.2,32.666666666666664,87.0,51.1
84.0,23.5,30.03333333333333,80.2,50.6
100.0,51.6,28.466666666666665,91.9,69.3
96.9,68.8,33.3,93.7,103.1
95.5,68.2,34.833333333333336,95.4,72.7
90.6,46.9,35.4,90.6,87.5
95.4,28.5,42.63333333333333,79.49999999999999,50.9
88.1,73.3,31.66666666666667,95.0,60.4
88.4,6.5,22.96666666666667,77.50000000000001,49.3
97.7,60.5,31.76666666666667,83.7,72.1
99.1,49.6,33.6,94.0,72.6
100.0,14.8,37.03333333333335,100.0,107.4
55.6,31.5,26.73333333333333,81.9,62.6
98.5,44.8,33.800000000000004,95.6,59.7
95.8,25.8,28.16666666666667,82.6,65.0
89.9,21.6,29.133333333333336,67.8,47.7
95.8,43.2,29.966666666666665,81.10000000000002,49.5
87.3,13.6,20.83333333333333,52.2,21.9
100.0,36.4,30.3,86.4,63.6
91.5,11.1,25.23333333333333,71.1,31.1
90.2,24.1,30.3,54.1,47.5
100.0,6.9,32.76666666666667,94.8,58.6
89.5,12.9,30.8,91.8,47.9
98.2,42.7,26.66666666666667,90.0,51.8
84.0,42.2,57.93333333333334,81.8,131.5
98.5,30.6,38.2,83.4,61.3
93.8,32.3,36.13333333333333,81.89999999999998,63.8
100.0,28.6,31.76666666666667,95.3,63.8
90.0,51.9,25.03333333333333,53.1,50.6
100.0,94.3,39.63333333333333,98.1,100.0
78.9,45.9,26.899999999999995,81.60000000000002,57.8
100.0,39.4,26.33333333333333,92.1,60.5
98.0,51.4,29.5,61.99999999999999,33.3
97.1,33.1,29.96666666666667,78.50000000000001,44.4
59.7,52.3,24.53333333333333,87.1,43.3
97.4,20.5,34.4,79.3,47.0
68.8,45.2,27.9,71.60000000000002,51.1
79.4,24.6,28.266666666666666,65.2,40.6
92.1,35.0,31.5,75.49999999999999,52.5
92.6,42.8,33.96666666666667,55.4,45.0
87.8,62.5,31.3,81.99999999999999,51.0
94.5,15.6,26.8,49.4,21.200000000000006
84.5,63.6,32.1,90.7,58.90000000000001
97.6,46.6,30.9,78.1,49.7
99.5,28.4,30.866666666666664,70.6,40.8
99.4,51.2,32.36666666666667,84.2,60.6
96.4,47.5,41.5,77.1,53.7
98.9,30.8,29.566666666666666,89.0,46.9
89.0,16.1,26.73333333333333,56.9,34.8
100.0,84.2,36.86666666666667,100.0,89.4
98.9,54.9,30.966666666666665,71.39999999999998,60.2
98.6,50.3,53.83333333333332,83.4,60.40000000000001
93.1,46.5,30.9,78.9,47.7
95.2,58.5,30.399999999999995,81.1,54.4
100.0,62.0,38.66666666666666,82.39999999999998,51.3
91.2,48.6,34.7,82.2,46.9
92.3,44.7,26.66666666666666,83.0,50.5
85.3,60.2,29.73333333333333,84.3,47.1
95.0,57.4,28.8,82.69999999999997,42.0
55.6,37.5,23.46666666666667,47.3,38.0
97.8,60.0,31.7,78.50000000000001,49.90000000000001
93.4,53.5,35.166666666666664,68.0,51.40000000000001
96.2,44.8,35.40000000000001,80.1,53.1
100.0,23.3,64.16666666666667,79.2,63.3
97.0,49.3,35.833333333333336,88.1,61.2
85.6,50.4,30.633333333333336,64.9,58.5
100.0,64.3,61.93333333333334,84.8,74.1
100.0,37.3,30.7,93.2,59.3
62.0,60.7,35.266666666666666,76.30000000000003,56.1
100.0,55.2,29.466666666666665,72.7,61.1
98.9,40.5,25.53333333333333,85.1,47.9
100.0,61.5,30.8,89.4,60.5
90.0,15.3,51.43333333333334,70.89999999999998,49.8
95.8,56.5,38.8,81.6,48.8
90.3,31.0,31.3,44.3,31.8
96.5,42.5,28.23333333333333,62.3,46.6
99.0,46.2,29.8,48.2,48.2
91.8,29.5,41.766666666666666,61.1,57.1
93.7,37.5,37.53333333333333,93.8,81.3
97.1,29.4,27.600000000000005,41.6,40.90000000000001
99.3,45.4,32.73333333333333,70.89999999999998,52.8
84.3,23.4,34.266666666666666,72.99999999999999,45.6
94.2,34.9,29.4,77.4,42.5
92.4,57.5,30.83333333333333,88.7,80.0
96.1,44.4,30.3,74.30000000000003,46.0
91.5,3.3,27.46666666666667,83.6,52.90000000000001
89.6,44.1,38.63333333333333,77.3,51.9
90.3,28.1,27.0,45.9,47.0
98.6,31.70000000000001,27.566666666666666,61.5,41.3
100.0,40.0,32.13333333333333,49.9,40.9
100.0,100.0,36.1,100.0,133.4
98.3,81.8,45.16666666666666,84.2,74.3
97.9,85.5,42.53333333333333,75.2,56.7
77.10000000000002,57.1,30.6,69.7,36.3
90.6,31.5,32.13333333333333,78.9,32.8
98.8,51.60000000000001,34.03333333333333,83.89999999999998,56.5
98.1,59.2,40.433333333333344,95.3,76.7
98.7,61.8,37.56666666666667,76.5,42.90000000000001
99.7,52.1,39.9,79.8,51.4
100.0,6.7,48.86666666666667,90.0,80.0
98.1,51.2,30.83333333333333,78.1,52.40000000000001
97.4,56.9,35.66666666666667,75.9,51.1
98.7,74.1,30.7,80.8,61.0
87.9,34.7,30.899999999999995,73.70000000000002,43.2
97.7,56.2,33.4,83.3,54.1
99.2,52.6,30.4,93.6,56.2
98.0,73.4,37.433333333333344,81.6,55.1
93.7,42.2,38.0,74.30000000000003,49.6
92.7,69.7,31.566666666666666,72.7,51.8
96.0,36.6,42.23333333333333,78.7,45.3
93.1,37.6,30.0,67.5,46.0
97.0,64.9,37.766666666666666,67.1,49.40000000000001
90.4,44.6,31.20000000000001,65.3,41.8
95.2,49.5,43.3,77.89999999999998,58.1
98.6,69.6,36.7,72.6,51.3
92.6,58.1,28.566666666666666,73.60000000000002,47.7
95.0,60.5,31.66666666666667,63.0,46.2
98.9,33.7,37.43333333333333,69.9,37.7
95.1,45.1,33.33333333333333,63.1,37.0
100.0,59.1,35.2,96.6,82.9
99.5,49.0,39.266666666666666,81.2,55.40000000000001
93.6,47.3,24.16666666666667,62.7,40.5
95.4,44.3,34.833333333333336,74.60000000000002,39.2
92.4,47.4,31.3,74.39999999999998,39.7
93.1,53.9,36.4,59.3,42.3
94.1,73.6,43.13333333333333,91.1,102.9
94.2,39.2,32.6,75.69999999999997,49.8
87.0,80.7,33.96666666666667,86.50000000000001,33.3
96.8,48.1,37.3,68.69999999999999,33.8
94.9,75.6,33.63333333333333,60.7,48.4
94.3,55.5,37.00000000000001,76.5,50.2
89.0,48.8,37.06666666666667,73.1,52.5
93.3,40.1,26.1,28.9,30.2
97.5,60.1,44.5,71.8,53.7
97.0,55.0,52.33333333333332,82.6,77.6
95.2,44.7,37.7,80.7,44.3
99.5,40.6,32.4,44.1,36.2
89.1,45.3,45.2,76.4,58.0
90.0,47.3,31.866666666666664,77.6,44.8
90.0,57.0,27.43333333333333,62.99999999999999,45.5
80.3,58.8,31.599999999999994,68.5,40.3
99.1,38.3,37.1,53.6,51.2
96.8,45.6,31.133333333333336,73.0,45.0
96.6,63.60000000000001,31.766666666666666,63.2,44.7
93.2,70.0,30.03333333333333,61.4,35.2
91.9,49.6,31.633333333333336,76.4,52.6
95.5,54.0,26.9,68.8,42.6
75.6,41.8,26.70000000000001,56.7,33.4
78.6,84.6,43.5,67.5,43.5
94.5,63.2,33.63333333333334,87.80000000000004,58.2
78.19999999999997,46.9,30.866666666666664,82.2,57.4
94.4,57.6,33.43333333333333,78.60000000000002,46.7
97.5,36.0,61.2,59.7,74.0
99.4,66.3,39.266666666666666,88.50000000000001,80.0
99.0,66.8,35.63333333333333,86.19999999999996,57.6
98.4,56.2,34.56666666666667,84.8,58.4
88.1,60.2,37.13333333333333,83.6,56.8
90.2,51.0,32.6,90.5,47.6
88.9,53.9,30.0,77.9,60.3
97.9,66.9,66.2,98.5,78.9
96.3,55.0,40.266666666666666,87.0,60.8
98.1,29.7,60.1,62.1,55.2
98.0,72.0,35.333333333333336,86.0,60.0
93.0,57.40000000000001,31.46666666666667,62.2,54.1
92.2,66.10000000000001,45.96666666666668,92.6,60.9
94.6,41.6,39.43333333333333,60.89999999999999,41.90000000000001
87.1,34.4,30.8,84.3,48.0
90.1,51.7,33.3,77.6,49.0
84.7,50.8,60.13333333333333,89.6,54.1
98.1,27.3,56.36666666666667,82.19999999999997,58.9
99.0,10.0,58.56666666666667,91.4,57.9
98.8,79.10000000000002,52.73333333333333,90.7,66.3
96.4,44.4,34.0,88.3,56.7
96.8,53.2,32.766666666666666,91.9,65.3
100.0,59.1,32.166666666666664,98.3,69.5
99.7,21.4,52.63333333333333,98.9,63.5
95.0,33.3,35.73333333333334,88.2,53.0
97.0,56.9,33.766666666666666,82.3,53.90000000000001
94.9,47.3,31.16666666666667,83.4,61.1
95.1,38.0,28.000000000000004,71.19999999999997,44.1
97.7,65.7,35.666666666666664,90.1,69.2
100.0,75.7,44.13333333333333,97.3,110.8
97.4,55.5,43.40000000000001,85.89999999999998,56.6
88.3,40.7,28.03333333333333,81.5,48.5
99.2,54.0,37.26666666666667,73.80000000000003,46.4
94.7,35.0,34.50000000000001,84.2,51.7
94.7,42.4,33.93333333333333,81.7,44.4
98.5,32.599999999999994,43.16666666666666,90.5,51.2
99.0,56.9,52.93333333333334,93.1,65.7
94.5,41.99999999999999,36.13333333333333,85.1,47.1
97.7,39.4,35.16666666666667,93.2,57.9
97.0,48.6,38.36666666666667,91.7,56.1
97.4,46.9,35.03333333333333,79.2,31.5
97.7,44.3,36.266666666666666,80.6,55.6
96.1,35.3,37.90000000000001,73.50000000000001,42.1
100.0,60.3,34.800000000000004,94.2,75.0
100.0,81.6,67.36666666666666,97.9,81.6
96.9,15.8,30.1,87.7,49.0
99.48571428571428,80.57857142857142,38.00714285714285,87.90714285714287,63.40714285714286
96.8,21.5,34.333333333333336,72.0,37.0
95.4,59.3,31.43333333333333,83.2,57.5
98.0,78.0,31.33333333333333,80.19999999999997,54.0
93.3,69.3,28.2,74.4,53.8
98.9,76.3,32.6,89.1,63.90000000000001
100.0,10.9,29.83333333333333,91.6,63.9
89.7,6.0,29.43333333333333,51.4,50.0
92.7,23.4,29.33333333333333,84.89999999999998,61.0
97.2,43.90000000000001,33.36666666666667,81.0,56.1
99.5,12.0,37.8,88.9,79.4
99.7,3.5,31.466666666666665,53.9,47.3
100.0,97.3,33.333333333333336,54.1,66.6
100.0,4.800000000000002,29.66666666666667,80.00000000000001,51.2
100.0,54.2,34.833333333333336,68.2,46.4
95.0,2.8,32.1,89.89999999999998,78.9
86.4,11.6,33.73333333333333,72.30000000000003,35.9
97.6,7.399999999999999,23.33333333333333,58.0,27.3
94.0,1.7,31.9,66.7,51.3
98.3,0.0,33.86666666666667,91.3,53.8
97.1,20.9,33.13333333333333,75.6,45.5
94.3,45.9,33.06666666666666,75.89999999999998,57.9
100.0,84.9,34.63333333333333,92.1,61.2
72.8,0.0,43.73333333333333,88.8,72.8
96.5,13.6,34.333333333333336,87.6,66.5
94.9,6.6999999999999975,26.83333333333333,71.9,33.4
97.2,37.3,27.8,66.4,56.8
97.3,67.9,32.300000000000004,83.89999999999998,79.69999999999997
98.6,84.1,40.56666666666667,91.3,114.5
96.5,0.0,27.33333333333333,84.80000000000003,61.8
100.0,22.7,31.8,90.2,62.9
98.3,37.6,29.6,81.3,43.2
93.8,39.6,28.3,73.10000000000002,54.3
40.3,40.3,25.766666666666666,98.3,42.9
94.4,41.2,30.3,85.4,49.5
98.5,41.9,34.333333333333336,88.3,61.6
99.5,2.4,28.03333333333333,80.60000000000002,45.9
93.9,23.6,28.93333333333333,68.2,36.4
98.7,76.5,41.766666666666666,83.70000000000002,63.8
96.3,51.8,32.5,76.5,58.6
92.2,30.0,30.03333333333333,65.89999999999999,45.9
94.5,84.2,30.93333333333333,72.2,45.6
96.5,60.3,30.766666666666666,84.1,48.5
98.3,26.8,35.7,78.8,56.0
98.8,14.7,38.86666666666667,85.0,55.8
96.0,49.7,37.96666666666667,82.7,41.90000000000001
91.5,6.8000000000000025,27.8,86.5,48.5
95.2,25.2,29.96666666666667,78.10000000000002,48.7
96.5,42.6,26.1,70.6,48.0
96.0,47.1,33.7,89.60000000000002,67.1
96.6,62.2,34.06666666666667,84.7,53.90000000000001
98.8,57.1,34.6,86.60000000000002,56.7
96.2,48.9,36.13333333333333,85.8,62.2
91.0,76.80000000000003,34.46666666666667,90.2,68.8
96.2,16.6,37.06666666666667,88.7,63.8
92.0,10.0,32.666666666666664,82.0,46.0
96.2,92.4,40.9,86.1,81.2
98.8,41.9,23.66666666666667,81.5,48.2
99.4,63.2,59.36666666666667,98.1,108.4
99.1,59.3,32.76666666666667,94.7,79.7
77.8,31.1,36.16666666666666,83.0,44.3
99.2,35.4,34.13333333333333,79.60000000000002,59.8
99.0,67.1,34.5,87.7,75.9
68.8,23.5,30.23333333333333,77.4,48.4
94.3,52.8,33.96666666666667,85.5,52.8
100.0,77.1,49.23333333333333,96.2,81.9
97.3,97.2,45.93333333333334,92.7,68.7
90.4,34.3,35.73333333333333,89.2,64.5
54.0,38.1,24.83333333333333,68.29999999999998,49.2
94.8,50.0,32.166666666666664,79.30000000000003,51.7
93.2,93.1,41.333333333333336,76.1,64.1
96.4,22.4,33.53333333333334,79.3,48.5
97.0,98.5,44.26666666666666,88.1,91.0
83.6,36.0,37.7,83.7,77.0
99.3,55.2,43.83333333333332,94.4,74.1
98.4,51.5,35.4,96.1,71.9
99.5,55.7,38.9,92.4,58.6
100.0,89.89999999999998,40.93333333333333,97.4,98.8
100.0,82.9,45.36666666666667,89.2,86.10000000000002
96.7,50.3,34.23333333333333,92.0,61.0
96.8,82.4,37.1,93.2,71.5
97.4,98.7,40.99999999999999,80.3,69.7
96.8,41.3,39.93333333333333,86.5,54.8
98.7,69.8,41.266666666666666,88.60000000000002,70.1
95.8,41.2,34.6,87.9,63.8
92.9,100.0,36.3,92.9,73.2
98.0,82.6,37.8,86.7,78.0
99.5,74.6,35.06666666666667,90.1,72.8
98.9,86.2,42.93333333333333,94.2,86.2
98.4,73.8,35.63333333333333,79.0,62.9
96.3,49.40000000000001,34.93333333333333,79.9,70.1
92.7,19.7,34.8,86.3,66.10000000000001
98.4,41.0,31.7,85.19999999999997,70.5
92.2,56.8,41.266666666666666,86.4,56.8
99.5,66.9,40.46666666666667,89.39999999999998,69.0
98.2,53.7,52.40000000000001,93.5,75.6
96.4,59.0,38.53333333333333,79.5,85.6
99.2,39.0,33.6,84.7,70.4
97.9,66.60000000000001,36.1,82.89999999999998,53.4
100.0,52.9,40.7,72.2,63.0
96.7,95.7,42.13333333333333,81.3,64.8
100.0,77.8,70.36666666666666,99.9,100.0
97.0,31.7,35.333333333333336,87.2,70.3
97.4,28.2,37.333333333333336,88.10000000000002,60.7
100.0,80.0,32.99999999999999,90.0,80.9
96.9,75.6,32.56666666666667,74.0,58.0
97.4,85.1,35.1,83.4,79.8
97.6,50.0,32.53333333333333,78.6,52.3
100.0,59.2,36.9,96.2,88.30000000000004
82.3,34.8,31.23333333333333,82.2,63.3
98.77857142857144,65.67142857142858,52.09285714285714,88.93571428571428,79.49999999999999
94.9,69.3,42.5,88.6,80.7
99.6,89.2,38.6,92.0,71.6
98.2,76.5,38.53333333333335,84.4,78.2
93.8,100.0,56.26666666666666,93.8,93.7
93.3,53.90000000000001,36.3,76.39999999999998,53.5
90.1,87.9,30.76666666666667,83.5,46.2
93.2,83.2,45.56666666666666,77.8,61.7
98.9,48.8,41.16666666666666,90.3,72.7
97.4,77.8,38.466666666666654,88.9,80.4
99.1,26.1,41.433333333333344,86.5,78.4
100.0,79.7,35.4,93.8,100.0
97.8,87.0,39.63333333333333,84.6,63.0
91.8,40.0,36.66666666666666,77.3,70.0
100.0,53.9,46.43333333333334,92.1,92.2
98.9,34.4,42.23333333333333,74.4,62.2
97.3,37.0,34.266666666666666,78.1,56.2
97.2,66.7,59.26666666666667,95.8,70.8
97.4,94.9,34.800000000000004,74.3,48.0
95.2,29.8,40.36666666666667,88.50000000000001,48.1
97.3,58.3,42.3,89.0,57.0
98.7,66.3,42.23333333333333,86.99999999999999,61.9
95.8,20.0,36.23333333333333,76.69999999999997,49.8
99.7,26.8,39.36666666666667,78.80000000000003,52.6
98.2,77.7,39.966666666666654,83.80000000000003,54.3
100.0,50.0,8.333333333333334,75.0,50.0
98.2,91.4,38.63333333333333,84.4,50.2
98.6,68.1,38.2,72.9,53.5
98.8,17.1,35.36666666666667,69.80000000000001,40.0
99.1,41.9,43.0,87.89999999999998,47.0
97.3,42.40000000000001,38.8,83.50000000000001,63.7
98.8,86.7,39.96666666666667,81.7,46.2
99.1,69.9,40.833333333333336,83.1,60.5
93.8,75.5,37.3,86.89999999999998,69.7
97.5,74.1,39.86666666666667,84.1,55.5
97.1,62.8,41.8,94.2,80.30000000000003
98.9,94.7,37.23333333333333,86.39999999999998,77.39999999999998
99.5,86.2,44.6,96.2,66.2
100.0,32.800000000000004,42.76666666666667,88.1,67.7
100.0,92.9,40.46666666666667,82.1,75.0
98.1,65.1,46.83333333333334,88.10000000000002,67.6
96.8,73.80000000000003,35.9,75.4,54.8
92.1,50.3,35.40000000000001,84.8,62.2
78.0,29.0,25.0,84.0,69.0
89.6,38.4,34.833333333333336,82.30000000000003,58.7
100.0,63.8,32.766666666666666,89.0,78.7
98.9,65.2,37.833333333333336,98.8,96.7
91.0,40.0,39.66666666666666,93.0,70.0
93.8,9.4,12.5,46.9,15.6
100.0,48.0,37.16666666666666,82.6,80.8
100.0,79.6,36.066666666666656,87.7,97.9
99.4,35.5,36.966666666666654,94.2,58.2
97.1,17.9,35.30000000000001,82.6,45.6
100.0,100.0,26.2,100.0,0.0
95.7,32.3,35.56666666666667,86.6,64.0
98.1,33.2,35.23333333333333,87.19999999999996,64.0
96.2,53.2,41.36666666666667,84.1,48.1
100.0,0.0,13.333333333333336,100.0,0.0
100.0,74.9,50.5,87.2,79.0
97.1,74.1,34.76666666666667,94.2,82.0
98.8,66.3,38.9,86.7,55.8
97.9,62.9,37.8,89.7,59.8
96.9,73.2,39.766666666666666,79.6,52.5
98.8,80.19999999999997,43.6,81.3,67.7
99.5,19.2,36.0,68.0,76.4
97.2,79.8,35.9,88.4,73.89999999999998
96.4,30.8,40.86666666666665,91.0,75.2
99.5,30.9,63.06666666666666,85.0,64.4
25.0,0.0,16.666666666666668,25.0,25.0
100.0,54.2,63.16666666666666,95.8,93.7
97.2,21.5,38.00000000000001,81.2,37.5
97.4,20.9,35.93333333333333,72.2,62.3
96.4,33.1,41.73333333333333,92.1,71.3
98.4,46.4,45.8,95.9,92.6
95.7,25.1,38.33333333333333,85.5,50.8
98.5,37.7,50.33333333333332,89.3,61.5
99.5,57.0,31.33333333333334,83.2,42.9
99.0,7.8000000000000025,50.46666666666667,95.1,56.4
100.0,6.7,24.43333333333333,100.0,13.3
98.8,55.5,41.03333333333333,89.9,69.7
99.1,43.2,41.9,91.7,79.1
99.2,30.4,31.133333333333336,84.0,51.5
100.0,3.4,31.1,77.5,56.5
97.9,33.6,36.933333333333344,87.0,59.0
94.7,39.5,36.0,63.2,65.8
97.7,48.6,40.86666666666667,81.50000000000001,60.7
99.6,51.3,38.43333333333333,90.3,64.0
99.7,43.8,43.90000000000001,87.8,73.9
97.6,56.0,42.833333333333336,82.1,72.3
99.3,11.0,33.13333333333333,81.5,34.2
99.7,44.0,39.266666666666666,90.5,70.6
98.5,19.4,51.26666666666667,67.19999999999999,70.10000000000001
98.1,23.0,36.5,90.5,57.4
98.1,45.2,37.5,81.89999999999998,62.7
98.9,41.0,39.53333333333335,79.2,65.1
98.4,60.3,41.50000000000001,93.7,78.60000000000002
100.0,74.60000000000002,43.16666666666666,89.69999999999996,66.0
95.5,63.6,45.43333333333334,86.3,68.2
95.8,49.1,44.93333333333334,87.2,59.5
99.2,26.0,37.8,94.2,68.9
95.9,64.89999999999999,44.03333333333333,85.4,58.2
98.1,76.4,35.666666666666664,88.5,59.2
99.1,26.7,37.73333333333333,46.90000000000001,56.2
99.6,49.50000000000001,43.13333333333333,84.7,57.0
99.2,18.8,43.9,87.3,48.1
97.1,30.8,39.23333333333333,77.9,54.4
100.0,54.3,35.333333333333336,94.0,71.6
99.1,81.3,33.63333333333333,74.4,59.9
100.0,85.7,33.56666666666667,81.9,61.6
98.8,74.9,45.53333333333333,97.0,88.1
96.8,48.4,51.6,93.6,90.4
98.8,42.1,40.23333333333333,85.3,54.6
97.1,39.5,39.7,87.8,51.7
100.0,17.1,35.80000000000001,79.30000000000003,50.0
97.8,31.7,39.06666666666667,92.2,80.0
98.6,48.2,40.66666666666667,83.69999999999997,57.4
95.5,55.3,37.13333333333333,88.2,67.8
98.6,57.5,44.79999999999999,90.4,55.6
94.3,44.2,40.13333333333333,88.60000000000002,60.40000000000001
99.2,22.9,49.80000000000001,91.70000000000002,67.8
99.13571428571426,36.67857142857143,43.6642857142857,86.4642857142857,63.414285714285704
100.0,100.0,66.66666666666667,100.0,100.0
98.3,60.2,39.16666666666666,91.7,65.4
96.9,20.4,40.266666666666666,84.5,49.40000000000001
98.6,57.9,42.93333333333333,93.5,69.6
98.8,75.8,57.0,92.6,86.89999999999998
99.5,70.5,41.333333333333336,91.29999999999998,88.0
98.2,94.4,47.23333333333334,80.4,60.1
100.0,100.0,66.66666666666667,100.0,200.0
97.2,81.2,41.66666666666666,90.4,60.9
99.0,44.3,38.16666666666667,81.7,64.5
95.3,60.1,62.26666666666668,96.7,77.89999999999998
99.4,53.2,43.16666666666666,91.7,75.0
94.3,14.3,46.63333333333333,94.3,60.0
97.8,62.3,44.76666666666666,83.69999999999997,61.5
96.1,52.2,53.73333333333334,91.3,61.9
98.1,85.5,43.6,93.7,73.0
98.4,46.0,34.40000000000001,73.0,39.6
99.5,56.4,36.93333333333333,88.8,62.1
98.2,15.4,40.8,87.79999999999998,51.3
99.3,12.4,49.56666666666667,89.6,73.5
92.7,2.4,34.93333333333334,80.50000000000001,70.80000000000003
99.4,62.0,50.26666666666666,93.9,82.4
98.1,11.3,40.3,94.4,67.9
94.4,96.6,38.23333333333333,87.60000000000002,72.9
97.9,48.6,31.66666666666667,82.9,82.2
100.0,90.2,49.1,93.8,99.1
98.0,28.9,42.16666666666666,92.0,92.4
100.0,84.6,41.03333333333333,92.3,130.7
98.5,45.1,38.16666666666666,86.1,59.5
99.4,96.0,41.56666666666667,93.3,68.7
97.7,97.2,39.53333333333333,94.9,35.6
96.6,51.5,27.46666666666667,79.8,34.2
97.4,10.3,26.466666666666665,69.19999999999999,25.6
99.6,99.7,40.56666666666667,90.7,73.9
98.0,37.3,37.66666666666666,85.5,61.1
97.5,75.1,36.5,81.9,69.2
95.9,98.0,32.26666666666667,82.5,30.9
95.3,30.8,34.5,74.6,46.7
100.0,74.5,31.899999999999995,83.6,55.1
91.2,92.9,36.86666666666667,91.2,34.7
99.0,49.3,48.86666666666667,82.4,88.5
99.3,76.4,48.73333333333334,78.3,53.5
88.2,86.69999999999996,37.26666666666667,94.1,76.5
96.7,52.5,36.1,91.9,86.89999999999998
98.2,65.2,43.46666666666667,88.10000000000002,62.1
98.8,42.5,41.7,80.89999999999998,46.3
98.44166666666666,10.316666666666668,39.74999999999999,81.94166666666669,47.27500000000001
98.8,77.0,40.9,92.0,64.9
100.0,100.0,77.76666666666667,100.0,200.0
98.9,50.6,39.53333333333333,87.0,51.2
88.2,70.6,35.30000000000001,88.19999999999996,64.7
99.2,96.6,50.43333333333334,93.5,75.7
97.4,99.2,34.2,76.1,64.1
94.7,45.7,38.56666666666667,80.7,52.7
99.4,84.5,40.63333333333333,86.19999999999996,63.8
100.0,98.9,40.7,89.5,53.7
99.6,94.3,41.43333333333333,89.3,83.8
97.5,77.5,65.83333333333333,97.1,76.6
98.3,91.7,34.06666666666667,77.2,38.0
100.0,61.5,15.4,76.9,61.5
99.5,86.1,37.5,80.3,63.4
86.7,93.3,26.66666666666667,66.69999999999999,66.6
100.0,100.0,75.0,100.0,125.0
97.6,84.89999999999998,34.93333333333333,80.9,48.5
97.8,21.6,49.86666666666667,93.1,78.5
93.0,1.3,33.13333333333333,87.3,46.5
99.7,59.3,41.66666666666667,75.39999999999998,68.1
100.0,1.3,33.333333333333336,75.0,33.6
96.2,67.5,39.1,88.3,87.9
98.1,84.5,39.466666666666654,83.5,51.5
100.0,80.0,46.66666666666666,80.0,110.0
81.8,0.0,24.23333333333333,90.9,54.5
97.7,94.3,37.63333333333333,70.6,31.1
97.9,91.9,38.3,86.69999999999996,64.1
99.0,21.2,43.53333333333333,89.6,65.60000000000001
87.3,6.2,34.800000000000004,82.2,66.60000000000001
0.0,100.0,33.333333333333336,100.0,0.0
95.2,5.5,36.1,89.0,52.4
63.6,9.1,24.23333333333333,100.0,18.2
100.0,100.0,29.16666666666667,100.0,125.0
100.0,43.2,42.4,90.9,76.2
97.9,36.8,38.9,95.2,94.5
99.2,21.5,35.0,89.30000000000004,48.7
98.4,46.4,41.333333333333336,93.4,80.9
95.9,92.6,31.70000000000001,76.4,39.0
100.0,60.0,66.66666666666667,100.0,120.0
100.0,54.0,57.4,97.7,92.9
94.9,69.19999999999999,39.3,84.7,80.8
100.0,60.0,13.333333333333336,100.0,100.0
92.9,79.5,42.56666666666667,87.1,83.1
79.8,22.8,33.36666666666667,88.6,64.0
92.5,36.6,41.466666666666654,86.8,73.10000000000002
89.5,38.5,31.76666666666667,83.19999999999997,48.4
100.0,59.4,31.26666666666667,87.5,65.6
98.0,36.3,37.73333333333333,85.0,60.6
70.5,26.8,20.233333333333327,53.6,25.9
95.9,85.9,38.2,88.9,74.2
93.8,20.6,27.20000000000001,70.4,34.6
84.2,42.1,36.43333333333333,82.9,75.0
98.7,35.0,42.333333333333336,79.2,49.1
97.4,60.7,39.766666666666666,94.2,81.9
97.6,48.5,30.133333333333336,83.8,56.3
93.8,42.8,37.96666666666667,90.6,55.8
95.4,23.1,30.0,70.7,43.9
100.0,20.0,23.8,71.5,40.0
89.2,67.5,36.03333333333335,100.0,108.1
87.6,71.1,35.433333333333344,80.50000000000001,55.5
98.8,33.5,42.63333333333333,88.5,58.6
97.4,48.7,43.6,94.9,87.2
100.0,29.9,38.6,94.5,74.0
97.7,40.2,41.16666666666666,89.2,62.9
97.6,42.1,33.73333333333333,73.8,47.2
97.7,96.0,46.63333333333333,91.9,62.40000000000001
95.8,36.1,37.76666666666667,91.7,71.5
97.2,30.5,34.36666666666667,80.30000000000003,54.0
98.5,82.8,43.06666666666667,94.4,69.7
95.7,71.6,43.6,94.2,71.6
98.1,74.1,40.73333333333333,96.3,96.3
96.9,49.2,36.93333333333333,87.7,64.6
100.0,64.9,36.933333333333344,98.7,81.1
98.0,53.40000000000001,37.8,89.3,66.0
98.7,77.7,35.7,89.5,75.6
91.8,72.4,37.3,91.8,86.5
98.3,40.2,33.9,78.0,63.6
98.1,34.0,31.73333333333333,94.3,52.8
99.175,89.95625,41.48333333333333,89.18125,54.53125
98.6,69.9,37.0,95.9,89.0
99.4,88.0,34.86666666666667,93.1,79.30000000000003
100.0,74.4,59.80000000000001,86.5,80.9
99.5,56.7,42.23333333333333,90.9,61.8
85.7,80.89999999999998,32.266666666666666,79.4,55.6
100.0,36.4,42.43333333333333,100.0,115.2
99.5,26.7,40.333333333333336,97.3,67.5
99.6,29.3,34.23333333333334,82.4,72.4
98.9,58.9,39.4,93.2,75.9
98.3,63.40000000000001,42.76666666666667,88.3,65.0
100.0,89.3,41.13333333333333,89.4,117.0
99.0,62.0,43.46666666666667,90.8,68.0
99.4,53.5,39.73333333333333,94.3,84.1
99.2,84.2,40.56666666666667,92.5,76.6
98.3,66.8,38.833333333333336,81.6,73.1
96.7,76.9,45.06666666666666,87.9,48.4
93.1,95.1,50.83333333333334,91.2,45.5
96.9,79.6,37.76666666666666,91.8,69.4
94.8,86.8,38.73333333333333,89.9,79.69999999999997
89.4,43.9,33.1,94.0,65.89999999999999
94.3,81.8,32.93333333333333,81.7,55.7
98.7,61.4,43.33333333333334,86.69999999999996,68.4
100.0,62.5,32.63333333333333,75.0,47.90000000000001
99.3,42.9,30.66666666666667,87.5,62.7
98.0,12.8,28.633333333333336,69.8,57.7
97.3,34.3,35.933333333333344,77.60000000000002,58.0
100.0,11.5,41.76666666666667,97.7,96.2
98.6,23.0,30.20000000000001,67.6,52.0
92.5,41.1,37.4,75.69999999999997,50.5
100.0,0.0,29.63333333333333,100.0,88.9
95.4,9.3,36.43333333333333,83.0,54.7
98.8,3.5,37.6,90.6,54.7
97.6,12.2,24.4,73.10000000000002,70.7
100.0,42.9,28.0,82.19999999999997,76.8
100.0,2.9,40.7,91.2,75.0
63.6,9.1,30.3,72.8,45.5
100.0,94.0,42.16666666666666,96.4,92.8
96.9,14.0,32.7,80.6,58.7
99.2,50.0,30.63333333333333,75.0,66.9
99.6,1.2000000000000002,37.03333333333333,87.0,63.6
100.0,100.0,67.46666666666667,100.0,85.4
100.0,84.2,39.766666666666666,93.0,105.2
90.8,56.00000000000001,33.56666666666667,90.7,76.5
98.7,15.4,34.63333333333333,89.4,63.5
98.3,82.4,49.13333333333333,95.2,94.5
98.6,38.4,35.6,93.2,45.2
100.0,9.1,28.466666666666665,87.2,49.1
97.5,17.7,40.266666666666666,90.7,68.7
99.1,52.0,47.16666666666666,87.3,70.7
98.9,20.9,33.7,67.5,62.9
88.0,16.0,38.66666666666666,94.0,70.0
97.6,75.6,42.933333333333344,93.1,74.8
98.9,48.4,29.03333333333333,88.19999999999996,48.4
99.1,38.3,50.9,92.4,82.9
100.0,15.3,37.0,84.00000000000001,46.7
100.0,28.6,32.4,91.4,80.0
97.0,9.1,40.43333333333333,90.9,93.9
100.0,75.7,36.96666666666667,97.3,86.5
98.0,83.1,43.7,86.4,67.6
100.0,90.4,48.70000000000001,90.4,103.9
92.7,26.4,35.13333333333333,73.6,60.9
97.5,68.1,39.0,82.1,71.1
97.7,60.5,45.1,85.1,68.2
99.0,26.7,35.06666666666667,85.7,64.6
97.6,25.0,40.1,86.80000000000004,77.4
98.1,42.8,36.5,90.0,71.7
99.2,57.2,44.23333333333333,83.4,61.0
98.5,61.8,33.333333333333336,73.6,50.0
93.9,36.9,39.13333333333333,87.19999999999996,65.4
97.0,73.6,35.36666666666667,88.8,73.1
67.9,49.2,26.36666666666667,88.00000000000001,42.5
98.4,30.7,37.13333333333333,84.8,70.3
96.8,53.5,40.466666666666654,88.1,67.60000000000001
95.4,49.1,34.266666666666666,90.7,71.8
98.2,43.0,50.6,93.8,73.7
97.5,27.2,37.766666666666666,87.0,67.8
95.3,93.1,59.66666666666668,77.6,72.89999999999998
90.6,0.0,31.93333333333333,68.8,40.6
82.8,96.6,29.86666666666667,62.1,62.1
96.0,37.4,64.93333333333334,86.1,62.0
96.6,3.5,34.73333333333333,85.7,72.60000000000002
100.0,44.7,39.333333333333336,89.6,67.2
98.1,42.3,38.46666666666667,73.1,96.2
98.2,42.0,68.16666666666667,95.5,74.1
99.4,11.0,41.5,89.6,61.4
90.6,22.9,39.46666666666667,83.6,70.0
97.9,7.3000000000000025,41.53333333333335,85.60000000000002,53.90000000000001
97.2,40.7,35.766666666666666,89.8,63.3
98.0,31.4,36.93333333333333,95.1,82.3
98.6,0.7,33.36666666666667,86.29999999999998,66.4
99.5,1.5,35.53333333333333,84.79999999999998,47.7
96.3,99.3,39.766666666666666,80.39999999999998,41.1
93.1,21.800000000000004,34.46666666666666,88.10000000000002,52.0
91.4,100.0,25.86666666666667,62.0,27.5
100.0,5.2,61.36666666666667,93.4,56.6
99.2,2.5,36.4,81.7,59.2
87.5,62.5,40.266666666666666,79.2,75.0
94.9,38.5,29.93333333333333,76.9,53.90000000000001
91.5,46.2,34.333333333333336,86.4,56.3
97.7,49.40000000000001,42.5,97.7,74.7
97.8,7.6,34.43333333333334,89.1,64.2
67.0,1.7,25.8,67.80000000000001,45.2
96.0,21.8,33.23333333333333,73.4,60.4
100.0,89.5,38.6,94.7,121.0
97.3,81.2,42.16666666666666,85.4,53.6
97.9,21.9,31.43333333333333,91.6,59.1
88.1,26.6,33.93333333333333,70.7,39.5
96.1,29.6,36.53333333333333,96.1,71.5
94.7,5.300000000000002,24.566666666666666,55.8,35.8
93.8,75.0,29.16666666666667,99.9,87.5
99.2,27.4,63.16666666666668,92.0,57.2
97.6,22.0,34.166666666666664,78.1,68.3
96.6,71.1,31.93333333333333,74.5,40.0
92.6,80.9,37.23333333333333,83.9,54.4
96.5,24.7,34.9,85.3,50.6
98.29285714285713,78.03571428571429,41.804761904761904,87.9142857142857,74.25714285714288
94.6,89.30000000000004,28.3,91.1,58.90000000000001
100.0,100.0,41.9,93.5,58.1
98.2,51.8,34.333333333333336,92.7,53.7
98.8,67.1,36.1,83.50000000000001,57.6
97.8,97.1,36.2,85.60000000000002,72.6
98.4,86.8,36.63333333333333,93.4,73.8
91.2,5.9,37.50000000000001,89.7,63.2
100.0,0.0,35.73333333333334,95.0,69.8
97.5,27.0,33.9,82.8,54.1
97.7,25.6,30.2,58.1,38.4
97.9,35.1,35.86666666666667,89.1,64.7
100.0,8.9,35.46666666666667,95.0,72.1
100.0,66.60000000000001,33.5,83.89999999999998,56.6
97.7,76.0,42.36666666666667,96.9,83.8
96.8,2.1,32.99999999999999,91.5,66.0
100.0,59.40000000000001,34.76666666666667,95.7,78.3
98.2,1.8,30.93333333333333,89.19999999999996,70.3
99.7,45.7,39.6,94.6,70.89999999999998
91.9,47.6,31.133333333333336,75.79999999999998,45.3
99.2,6.8000000000000025,35.13333333333333,88.7,67.7
99.3,1.4,40.966666666666654,92.9,86.39999999999998
95.6,82.2,33.166666666666664,78.6,44.8
95.3,92.1,29.96666666666667,71.5,34.7
94.7,96.5,29.266666666666666,77.2,35.1
98.2,98.5,28.5,74.60000000000002,43.2
98.6,66.6,33.800000000000004,81.10000000000002,55.1
90.9,20.3,30.133333333333336,78.60000000000002,42.2
98.1,9.8,43.29999999999999,90.7,70.1
98.4,2.7,36.53333333333333,88.8,50.8
100.0,2.8,37.23333333333333,92.1,68.8
99.2,59.0,34.43333333333333,86.89999999999998,59.0
93.7,59.5,30.36666666666667,88.00000000000001,60.7
98.6,53.4,34.43333333333333,89.7,57.0
97.5,17.7,29.13333333333333,82.3,59.5
97.6,3.6,27.7,84.3,37.3
95.4,1.3,29.399999999999995,71.1,32.9
98.3,26.7,36.13333333333333,63.3,51.7
98.7,0.7,32.46666666666666,94.8,56.2
97.1,0.4,47.83333333333334,73.2,47.6
97.4,16.7,34.43333333333333,82.3,49.4
92.3,22.4,35.9,88.80000000000004,55.2
96.0,32.3,29.566666666666666,76.60000000000002,57.3
96.5,1.4,32.4,93.70000000000002,79.7
95.2,4.800000000000002,40.73333333333334,82.4,47.6
99.3,22.3,37.73333333333333,94.2,82.9
98.6,30.5,37.4,74.6,63.4
98.4,63.9,35.5,95.1,65.6
87.8,40.3,29.73333333333333,90.6,61.1
97.9,61.7,35.49999999999999,89.30000000000004,69.1
96.9,30.8,30.23333333333333,76.9,49.3
97.8,60.90000000000001,36.23333333333333,89.10000000000002,65.2
95.0,3.3,43.33333333333334,83.3,53.3
97.5,1.6,33.6,86.1,61.5
99.2,16.2,36.66666666666667,88.8,70.4
89.4,30.9,29.066666666666666,75.6,52.2
98.2,8.2,32.43333333333334,84.0,58.0
96.6,28.3,33.56666666666666,85.50000000000001,46.2
90.0,15.0,33.333333333333336,82.5,72.5
100.0,55.8,43.66666666666666,91.5,61.3
90.8,23.9,22.766666666666666,58.4,33.800000000000004
98.6,0.0,24.4,61.3,40.1
95.8,21.6,36.1,65.5,41.2
94.0,0.0,28.866666666666664,37.4,40.3
98.4,98.5,30.2,78.10000000000002,53.1
93.9,97.9,26.766666666666666,51.7,26.5
99.2,11.1,29.9,80.89999999999998,45.3
95.7,92.8,26.9,80.00000000000001,49.2
100.0,6.8,31.100000000000005,47.3,37.8
94.7,71.10000000000002,33.6,89.5,63.2
97.6,35.4,26.8,70.80000000000003,39.0
91.4,17.799999999999994,32.6,80.0,51.4
98.2,52.4,34.2,89.0,62.6
95.5,0.0,31.3,84.9,68.2
99.2,95.4,43.36666666666667,67.9,58.4
97.1,84.9,34.13333333333333,83.0,54.8
100.0,98.5,61.56666666666666,95.4,39.7
96.3,99.7,31.5,80.8,41.1
94.7,94.7,26.3,55.3,30.8
98.1,100.0,33.63333333333333,88.9,58.1
92.0,60.4,21.9,53.1,22.8
98.0,95.8,34.03333333333333,78.69999999999997,47.6
88.9,66.7,37.03333333333333,66.7,22.2
95.6,66.2,25.96666666666667,73.5,35.3
98.5,98.5,44.1,69.3,56.90000000000001
97.8,98.9,23.566666666666666,70.8,35.9
94.2,4.0,33.73333333333333,81.69999999999997,48.3
92.3,99.0,26.73333333333333,73.9,27.5
96.2,99.3,28.466666666666665,73.5,43.7
90.7,100.0,25.46666666666667,37.6,34.7
96.3,96.2,22.66666666666667,58.5,26.4
95.5,98.0,30.766666666666666,82.8,36.8
98.3,89.80000000000004,35.5,85.8,58.8
95.8,38.90000000000001,43.06666666666666,77.8,35.2
100.0,100.0,33.333333333333336,100.0,0.0
97.2,61.0,35.2,83.10000000000002,47.4
91.4,2.5,34.166666666666664,74.0,39.5
96.7,11.9,36.6,77.2,38.1
100.0,0.0,27.8,100.0,0.0
96.7,32.7,48.46666666666666,96.0,72.0
95.5,11.8,46.06666666666666,88.2,46.3
96.2,28.5,27.3,77.1,43.8
95.2,43.8,50.46666666666667,85.7,49.6
94.1,52.5,38.7,90.6,61.0
100.0,22.7,37.86666666666667,95.5,63.6
98.5,38.1,39.53333333333333,85.1,75.4
98.8,13.6,34.56666666666667,78.9,49.4
99.7,44.9,39.56666666666667,86.4,60.8
100.0,51.6,34.93333333333333,91.9,53.2
95.8,61.6,36.3,87.0,45.8
98.2,77.8,36.566666666666656,90.3,57.5
85.7,57.1,36.5,76.2,66.7
96.5,59.3,36.3,83.69999999999997,43.8
93.7,87.9,49.26666666666666,88.9,42.7
85.1,91.1,32.266666666666666,71.0,35.9
100.0,78.5,40.5,78.60000000000002,45.3
98.5,62.7,35.333333333333336,88.1,61.2
93.2,80.7,32.96666666666667,95.5,80.7
98.8,77.4,38.1,94.1,86.89999999999998
100.0,90.5,39.333333333333336,91.5,66.0
96.4,86.7,38.16666666666666,77.1,57.8
98.7,72.2,38.4,98.7,93.7
98.2,29.7,41.13333333333333,78.4,60.4
96.9,76.3,40.53333333333333,96.9,68.10000000000001
97.7,58.0,33.36666666666666,96.2,71.0
98.0,49.1,31.70000000000001,96.1,75.5
96.8,39.0,42.8,97.7,56.4
96.9,63.7,33.06666666666666,85.0,54.3
98.0,73.69999999999997,38.1,84.89999999999998,50.4
86.8,55.90000000000001,32.36666666666667,83.9,54.4
97.4,85.9,38.333333333333336,90.4,65.8
97.2,96.3,36.66666666666666,69.0,37.6
0.0,50.0,16.666666666666668,100.0,50.0
90.4,94.0,34.73333333333333,80.1,42.2
92.7,91.3,35.33333333333333,92.2,53.0
97.0,68.8,38.13333333333333,89.9,52.7
89.9,12.6,29.93333333333333,81.4,47.9
93.3,96.9,29.23333333333333,86.0,44.8
100.0,100.0,33.333333333333336,81.9,100.0
95.4,79.1,32.800000000000004,76.9,41.8
97.9,88.1,36.53333333333333,83.7,43.4
88.0,90.0,35.333333333333336,82.0,50.0
97.9,81.3,35.1,85.0,67.4
97.0,79.80000000000003,46.96666666666666,85.7,56.4
97.6,75.60000000000002,40.66666666666666,88.69999999999996,61.6
100.0,100.0,66.66666666666667,0.0,100.0
94.0,71.9,41.13333333333333,73.4,39.7
99.0,96.0,37.3,81.2,46.5
95.5,75.9,37.23333333333333,90.2,71.4
74.1,57.6,31.03333333333333,71.8,45.9
99.8,72.6,35.56666666666667,76.4,47.0
96.6,36.7,35.86666666666667,84.2,53.3
97.4,98.2,36.5,93.2,57.7
99.4,99.1,49.7,87.2,64.8
99.1,87.6,44.46666666666667,83.5,54.1
97.4,41.9,44.6,86.3,60.6
96.8,88.0,37.333333333333336,86.19999999999996,59.0
97.9,97.0,65.80000000000001,93.7,66.4
97.6,34.5,42.06666666666667,92.9,58.3
91.3,96.1,64.66666666666667,89.9,63.90000000000001
95.4,99.1,66.66666666666667,92.2,80.8
98.7,30.9,38.56666666666667,70.7,44.4
98.2,70.0,34.63333333333333,73.2,34.6
98.8,92.7,46.03333333333333,84.8,59.3
96.3,25.9,36.2,79.0,55.6
100.0,47.4,43.0,92.2,71.0
86.8,57.9,36.833333333333336,81.60000000000002,42.1
98.5,91.4,41.966666666666654,84.80000000000003,59.90000000000001
96.2,84.0,34.266666666666666,87.7,55.7
97.4,84.2,44.3,90.8,75.0
97.3,86.69999999999996,40.1,91.1,62.8
94.9,67.1,34.2,83.60000000000002,59.5
96.0,50.0,32.666666666666664,76.0,64.0
98.2,87.8,34.93333333333333,89.00000000000001,58.9
92.0,62.7,68.43333333333334,77.3,88.0
100.0,51.1,48.53333333333333,88.1,69.5
100.0,77.1,43.96666666666667,91.0,72.0
93.9,34.1,39.9,84.3,68.7
100.0,83.0,39.0,92.5,92.5
96.8,88.6,37.333333333333336,91.7,61.0
94.6,41.6,34.93333333333333,77.7,40.3
100.0,95.8,38.9,91.7,91.6
100.0,95.8,58.33333333333334,87.5,75.0
95.8,4.2,31.266666666666666,93.8,47.90000000000001
99.4,77.0,38.0,93.9,59.40000000000001
98.5,94.6,40.56666666666667,89.60000000000002,43.0
97.4,94.8,40.16666666666666,92.3,53.8
96.4,48.2,34.53333333333334,89.10000000000002,67.4
99.3,97.9,66.9,94.6,84.30000000000003
97.1,91.4,39.03333333333335,97.2,80.0
97.9,72.2,37.73333333333333,86.89999999999998,64.4
100.0,57.2,28.566666666666666,81.0,47.7
97.6,91.6,37.3,86.9,59.5
100.0,83.3,44.43333333333334,100.0,133.4
97.1,82.8,30.5,80.10000000000002,68.5
96.9,61.40000000000001,32.56666666666667,81.8,60.7
96.6,52.9,38.1,91.6,81.5
98.5,53.90000000000001,34.36666666666667,89.3,69.2
97.7,58.6,45.6,95.4,79.3
98.4,84.10000000000002,40.03333333333333,71.9,55.40000000000001
95.8,96.6,36.13333333333333,81.3,64.5
96.4,91.5,38.53333333333335,75.9,56.6
98.9,88.0,37.06666666666667,94.1,62.2
99.0,97.0,58.53333333333333,91.0,76.60000000000002
98.2,55.3,35.4,87.7,64.1
96.2,70.5,38.466666666666654,94.9,92.3
96.6,38.1,36.53333333333333,91.1,63.3
100.0,34.5,40.23333333333333,93.1,72.4
98.0,20.6,41.36666666666667,90.0,69.4
96.2,41.3,34.46666666666666,90.4,54.3
98.3,65.9,28.600000000000005,69.39999999999999,37.9
100.0,90.9,48.5,100.0,90.9
98.9,82.60000000000002,35.23333333333333,83.8,45.4
97.8,68.8,34.1,88.89999999999998,71.10000000000002
95.6,80.5,46.66666666666666,84.6,61.1
93.0,30.4,33.63333333333333,88.9,59.3
95.4,69.3,43.36666666666667,80.2,41.6
98.2,71.6,37.56666666666667,87.5,51.7
96.4,14.0,33.9,86.1,51.8
98.0,91.8,39.23333333333333,90.6,70.60000000000002
98.9,18.0,37.7,80.5,63.1
97.9,78.7,35.266666666666666,84.6,55.3
98.1,43.3,37.06666666666667,82.1,50.2
97.6,92.9,38.03333333333333,85.9,58.0
99.09999999999998,73.00833333333333,42.819444444444436,88.175,66.11666666666666
97.0,95.9,42.43333333333333,83.1,57.5
98.7,54.2,44.26666666666667,82.3,60.1
100.0,91.0,42.933333333333344,96.4,70.3
100.0,32.4,45.93333333333333,83.80000000000003,105.4
100.0,66.7,33.333333333333336,100.0,66.7
98.7,99.3,44.8,89.7,75.8
97.5,95.9,36.63333333333333,87.7,68.9
95.5,73.30000000000003,36.0,81.19999999999997,52.5
97.0,86.0,48.66666666666666,90.6,69.1
98.1,86.4,42.66666666666666,97.5,87.6
97.3,80.6,49.06666666666667,88.0,76.0
97.9,97.3,42.933333333333344,86.3,55.5
97.6,78.60000000000002,32.53333333333334,83.3,69.0
98.5,75.7,41.53333333333333,92.5,75.80000000000003
96.6,94.8,43.66666666666666,91.4,87.9
95.8,73.6,40.266666666666666,93.1,65.3
99.0,5.0,37.46666666666667,90.2,62.9
100.0,35.7,46.03333333333334,90.5,85.7
100.0,19.4,52.7,93.6,71.0
97.9,7.3,42.0,90.7,59.4
92.2,95.3,40.6,82.80000000000003,50.0
100.0,72.6,43.13333333333333,92.4,47.3
97.8,45.6,36.76666666666667,94.1,65.5
99.3,82.9,34.03333333333334,86.4,63.0
98.5,87.7,35.9,92.3,43.1
96.9,93.2,32.7,84.10000000000002,41.7
95.0,91.5,32.06666666666666,78.1,38.7
97.4,70.10000000000001,36.76666666666667,86.30000000000004,70.8
98.1,99.4,34.36666666666667,86.0,54.7
96.0,78.0,34.06666666666666,84.7,53.7
97.0,92.6,35.333333333333336,86.6,61.2
98.7,75.2,49.43333333333334,89.5,68.7
97.5,84.80000000000003,38.7,94.9,80.5
97.6,71.60000000000002,33.06666666666667,89.8,54.4
100.0,42.2,48.40000000000001,93.7,90.7
98.6,43.3,37.46666666666667,91.4,48.6
98.2,73.9,52.13333333333333,86.1,56.3
98.4,87.9,40.53333333333333,78.80000000000003,51.6
99.0,81.8,40.66666666666666,90.2,68.1
97.9,85.10000000000002,37.8,83.3,45.8
100.0,53.4,42.43333333333333,82.6,73.9
97.1,64.7,35.30000000000001,97.1,91.1
98.2,59.90000000000001,41.5,86.9,62.3
98.2,79.49999999999999,45.36666666666667,91.6,67.5
98.2,96.4,45.7,88.1,62.90000000000001
99.0,62.2,39.4,88.3,62.7
97.0,62.7,64.16666666666667,88.10000000000002,44.8
98.2,25.4,37.1,74.5,43.8
98.8,87.69999999999996,44.76666666666666,83.9,60.0
98.3,93.4,32.23333333333333,80.2,51.2
97.3,75.6,37.63333333333333,79.6,59.8
100.0,100.0,9.1,72.7,18.2
96.2,88.6,37.5,86.4,59.8
95.9,98.0,61.23333333333333,95.9,91.8
98.6,79.10000000000002,48.63333333333333,90.3,76.4
98.1,92.4,37.06666666666667,87.2,48.0
94.6,63.4,35.833333333333336,87.10000000000002,61.3
96.6,71.0,32.50000000000001,82.89999999999998,35.0
95.3,97.2,37.86666666666667,85.5,59.1
98.2,64.2,40.5,96.5,101.8
87.1,97.2,33.333333333333336,70.8,31.4
100.0,33.3,16.666666666666668,83.4,66.7
84.8,90.9,40.4,100.0,81.8
97.7,93.2,35.46666666666667,87.4,57.3
98.0,40.6,34.93333333333333,78.4,43.6
98.5,67.1,62.36666666666665,88.29999999999998,65.5
98.2,66.30000000000001,34.9,89.3,46.1
98.5,73.0,32.0,74.0,54.2
98.6,74.0,38.333333333333336,100.0,95.9
96.1,78.69999999999997,36.333333333333336,87.39999999999998,43.2
99.2,36.2,36.2,88.9,69.30000000000001
98.5,93.8,40.93333333333333,91.7,67.4
100.0,57.1,38.1,91.8,87.80000000000004
98.2,88.5,36.56666666666667,87.1,66.4
99.3,88.4,38.9,94.2,60.9
98.6,81.2,37.16666666666666,85.89999999999998,38.3
99.5,95.9,39.93333333333333,93.8,79.69999999999997
99.1,98.5,48.6,87.4,54.2
96.1,94.4,33.96666666666667,91.4,54.4
93.2,98.8,26.8,74.80000000000003,40.40000000000001
97.7,97.8,34.13333333333333,69.1,32.3
96.9,99.7,34.266666666666666,74.9,48.1
97.7,100.0,29.366666666666664,80.2,34.5
96.8,99.6,27.899999999999995,72.9,35.5
94.9,99.1,29.93333333333333,85.7,42.0
98.5,99.5,28.866666666666664,72.7,36.3
91.1,99.2,23.36666666666667,51.6,22.6
100.0,100.0,34.5,85.80000000000003,46.4
99.2,98.8,31.16666666666666,89.7,50.8
99.0,99.0,40.06666666666667,93.5,62.5
98.3,91.6,36.13333333333333,84.8,77.10000000000002
98.9,94.7,34.23333333333333,84.0,56.4
97.2,99.0,42.13333333333333,92.2,69.2
100.0,81.8,38.4,97.1,96.9
99.0,82.8,30.5,88.6,51.5
97.1,83.8,45.56666666666666,94.1,71.1
99.3,93.3,32.6,74.80000000000003,67.10000000000001
95.3,50.6,30.53333333333333,78.4,61.8
99.2,58.2,34.166666666666664,91.1,78.7
97.6,43.1,36.16666666666666,83.39999999999998,40.3
94.3,87.6,35.73333333333333,85.1,67.8
98.2,88.4,35.9,85.19999999999997,53.6
98.9,79.30000000000003,46.23333333333334,84.9,66.7
98.8,26.9,37.766666666666666,77.0,43.5
96.3,62.5,33.93333333333333,85.2,66.7
97.7,62.40000000000001,35.333333333333336,90.2,64.7
91.2,87.4,30.2,81.1,47.2
94.4,53.7,27.633333333333336,84.5,62.2
96.9,64.3,34.6,85.0,69.60000000000001
99.4,83.80000000000003,31.83333333333334,75.8,55.3
96.8,71.10000000000002,31.500000000000004,90.9,84.80000000000003
97.7,77.2,32.86666666666667,85.8,63.40000000000001
93.9,74.60000000000002,34.5,85.5,64.9
97.3,69.7,33.5,87.1,85.3
91.4,100.0,32.36666666666667,92.8,87.2
98.1,81.60000000000002,35.46666666666665,78.9,50.5
98.6,86.80000000000004,48.06666666666667,86.1,55.1
98.2,98.2,39.466666666666654,84.0,74.5
96.8,71.60000000000002,34.4,65.3,62.1
100.0,77.1,38.9,74.89999999999998,33.4
95.9,69.4,34.46666666666666,93.3,74.8
97.3,46.7,33.96666666666667,89.9,62.6
99.2,64.4,38.0,83.8,77.6
92.8,40.2,27.36666666666667,80.5,49.7
91.6,64.5,28.9,82.8,61.5
98.0,57.0,40.26666666666667,78.7,69.3
97.3,55.0,35.333333333333336,83.2,55.7
93.6,57.5,36.766666666666666,88.9,66.1
99.1,55.7,32.4,81.3,70.0
99.1,69.5,31.466666666666665,83.3,64.9
96.0,60.3,32.13333333333333,78.4,62.0
99.3,60.5,32.800000000000004,84.30000000000003,71.7
96.0,70.10000000000001,38.6,88.69999999999996,80.8
96.9,45.6,32.5,87.1,69.6
97.7,30.1,31.366666666666664,75.1,64.7
98.5,42.9,34.333333333333336,94.2,78.1
99.6,75.1,32.23333333333333,32.2,64.5
96.4,12.0,36.53333333333335,89.2,101.2
95.5,73.8,33.6,84.80000000000003,79.1
97.5,73.4,26.766666666666666,84.2,60.8
97.2,91.2,33.43333333333333,81.6,76.3
99.1,90.5,30.0,83.7,71.9
98.0,86.0,31.33333333333333,94.0,82.0
95.2,66.2,34.13333333333333,75.9,75.9
98.3,76.7,36.1,95.0,66.6
97.0,67.2,32.666666666666664,87.6,89.5
97.9,57.4,34.300000000000004,87.69999999999996,57.5
99.2,42.4,21.7,88.5,69.89999999999999
100.0,75.0,8.333333333333334,100.0,75.0
98.7,55.5,33.166666666666664,88.4,78.3
99.2,84.7,28.46666666666667,62.1,56.5
98.2,85.1,29.0,82.7,54.1
97.9,82.6,21.766666666666666,86.9,58.8
99.7,66.2,31.13333333333333,85.7,67.9
96.2,68.8,33.36666666666667,93.8,98.8
98.0,44.8,29.466666666666665,84.4,54.0
98.61875,91.30625,38.89166666666666,89.10000000000002,73.13125000000002
98.9,81.0,38.53333333333333,83.0,67.1
99.2,91.0,30.100000000000005,75.6,63.0
97.1,77.6,30.23333333333333,79.8,50.8
98.0,98.4,34.63333333333333,83.3,60.3
99.1,78.6,29.133333333333336,82.4,54.7
99.1,84.0,33.333333333333336,76.8,56.2
99.0,92.6,30.33333333333333,63.8,54.0
99.3,91.1,30.5,85.9,56.8
91.8,55.6,30.3,77.69999999999997,54.1
96.3,64.2,26.66666666666667,72.0,44.1
97.2,59.4,27.5,69.3,43.6
95.1,33.5,27.366666666666664,64.5,47.8
99.6,69.39999999999999,27.96666666666667,82.3,67.8
97.2,88.5,30.7,79.0,59.4
98.9,86.5,28.73333333333333,68.3,60.8
97.7,82.6,28.23333333333333,81.5,58.40000000000001
96.5,76.30000000000003,30.43333333333333,79.2,63.3
98.4,79.19999999999997,32.06666666666667,87.5,65.5
93.0,55.7,29.2,62.7,56.3
98.6,29.5,35.5,79.9,76.2
97.4,80.8,33.3,80.3,63.3
99.0,92.6,31.83333333333333,82.19999999999997,71.2
97.8,86.1,30.7,84.4,72.0
95.3,92.3,24.66666666666666,66.89999999999999,64.0
98.5,85.8,33.96666666666667,72.5,55.5
99.0,59.0,38.3,88.4,69.89999999999999
98.4,90.3,35.03333333333334,76.7,60.6
100.0,65.0,30.766666666666666,75.5,64.0
96.6,80.9,29.2,88.0,63.3
99.5,68.0,34.833333333333336,90.0,66.5
97.0,53.5,30.566666666666666,82.0,65.1
100.0,50.0,24.16666666666667,78.1,60.6
98.7,85.30000000000003,34.6,83.4,66.0
93.3,73.2,26.46666666666667,69.60000000000001,57.7
96.2,87.69999999999996,31.43333333333333,82.3,49.6
96.9,97.4,29.4,81.6,55.90000000000001
99.0,93.9,28.70000000000001,76.9,63.9
97.8,97.2,28.866666666666664,78.10000000000002,71.5
98.6,97.7,31.96666666666667,79.7,52.4
99.2,98.4,34.666666666666664,91.9,79.1
97.9,80.7,31.066666666666666,87.6,68.2
97.6,79.19999999999997,29.03333333333333,79.3,52.7
99.3,79.9,29.73333333333333,75.9,54.4
98.2,94.9,32.333333333333336,81.1,62.3
96.7,98.3,26.466666666666665,81.10000000000002,62.8
96.4,74.8,28.70000000000001,76.8,47.4
96.3,80.19999999999997,32.23333333333334,86.3,70.0
100.0,94.1,52.93333333333334,100.0,141.2
96.6,81.19999999999997,31.9,86.7,74.0
98.0,86.7,31.03333333333333,77.0,58.5
97.1,35.3,26.96666666666667,79.5,57.3
98.5,62.1,30.0,87.3,72.4
98.6,75.9,31.500000000000004,81.9,61.7
96.7,64.6,30.03333333333333,87.1,58.7
97.7,66.4,25.83333333333333,82.4,50.3
98.0,69.0,29.0,72.9,60.4
97.2,67.9,27.9,79.3,65.2
97.7,80.9,31.46666666666667,78.30000000000003,53.5
98.0,60.0,35.666666666666664,86.0,69.0
99.1,76.1,34.1,77.60000000000002,63.6
99.6,94.4,24.966666666666665,47.9,27.5
98.4,77.30000000000003,30.93333333333333,80.69999999999997,60.0
98.9,85.7,30.766666666666666,80.80000000000003,59.2
97.2,70.6,27.90000000000001,83.6,62.6
99.0,69.7,29.566666666666666,74.7,53.9
98.0,73.3,24.23333333333333,67.3,55.5
96.3,40.7,22.633333333333336,77.7,41.9
96.7,36.5,29.83333333333333,74.2,43.2
99.4,91.17142857142859,39.67857142857143,88.30714285714285,67.23571428571428
92.1,72.7,26.366666666666664,88.80000000000004,42.7
98.0,94.2,27.7,73.5,47.7
98.6,73.5,29.83333333333333,75.2,62.6
96.2,98.1,31.2,87.8,78.2
98.9,83.5,30.8,89.99999999999999,54.6
95.8,44.4,29.0,81.0,53.3
97.7,83.9,29.100000000000005,78.3,53.6
99.2,92.1,29.566666666666666,73.0,54.7
98.7,84.4,30.53333333333333,75.0,67.0
98.9,83.10000000000002,34.63333333333333,88.5,47.7
92.8,92.4,31.366666666666664,69.9,48.4
98.7,78.5,30.966666666666665,89.6,55.1
86.8,75.69999999999997,34.766666666666666,85.2,45.5
96.6,89.3,37.3,88.9,55.7
97.4,83.9,33.36666666666667,82.89999999999998,47.40000000000001
96.7,75.5,28.266666666666666,82.8,56.2
96.1,84.9,28.90000000000001,48.9,61.6
97.2,56.5,22.566666666666666,73.60000000000002,41.3
96.3,86.80000000000004,28.8,80.6,50.1
96.5,60.3,30.9,78.8,55.9
96.9,73.8,28.0,80.1,56.0
100.0,78.2,35.23333333333334,91.9,70.1
96.3,88.1,29.566666666666666,89.2,41.1
98.0,74.5,37.46666666666667,81.1,55.7
96.8,62.1,26.766666666666666,77.19999999999997,47.8
96.2,76.2,30.70000000000001,88.2,52.7
97.0,23.1,34.93333333333334,88.10000000000002,47.1
98.58095238095235,77.23333333333333,39.0095238095238,86.91904761904759,69.52380952380953
96.6,66.6,27.70000000000001,75.4,49.5
93.3,45.1,26.03333333333333,75.4,37.8
84.6,20.3,24.766666666666666,84.2,49.2
88.4,40.7,28.566666666666666,66.7,44.40000000000001
97.1,65.1,28.16666666666667,77.19999999999997,43.6
98.5,88.3,30.0,66.5,43.2
94.4,49.9,31.70000000000001,67.4,41.5
94.5,71.4,32.73333333333333,88.1,45.2
95.7,70.9,25.33333333333333,68.2,40.40000000000001
91.7,68.4,35.13333333333333,83.2,40.2
98.0,56.3,28.13333333333333,73.6,43.7
95.3,68.5,23.5,67.60000000000001,32.0
94.3,79.5,25.73333333333333,80.6,42.2
99.1,99.4,29.2,65.6,52.3
96.3,35.1,30.366666666666664,88.2,55.2
98.4,43.90000000000001,27.23333333333333,75.4,31.2
91.5,82.30000000000003,21.166666666666668,71.9,44.5
98.3,99.5,21.66666666666667,74.1,31.6
96.5,71.1,26.73333333333333,75.6,36.7
100.0,100.0,29.16666666666667,87.5,87.5
96.0,55.7,35.80000000000001,80.7,37.0
98.2,67.1,28.5,60.40000000000001,34.8
84.3,78.7,28.23333333333333,81.1,61.8
99.5,70.7,30.966666666666665,87.39999999999998,44.4
83.4,97.1,26.8,81.19999999999997,40.6
97.2,71.39999999999998,39.7,99.4,69.7
56.1,76.3,20.8,66.4,45.1
94.3,25.6,34.13333333333333,86.0,46.6
98.27142857142857,40.87142857142858,33.1904761904762,86.01428571428572,48.59285714285714
100.0,3.3,58.9,93.3,110.0
98.9,33.8,33.33333333333333,91.5,62.9
95.7,25.6,36.833333333333336,91.9,72.5
93.1,31.0,33.333333333333336,79.3,75.8
94.0,1.7,29.33333333333333,83.7,60.40000000000001
100.0,11.1,42.6,88.89999999999998,111.1
93.4,4.4,30.766666666666666,73.60000000000002,64.9
99.1,0.9,44.23333333333333,86.4,74.5
96.4,37.3,31.8,94.7,68.0
100.0,1.1,39.333333333333336,100.0,66.3
97.3,8.8,43.43333333333333,52.0,41.1
100.0,52.6,57.03333333333333,97.4,126.3
100.0,37.3,43.16666666666666,94.1,101.9
100.0,36.0,37.43333333333333,87.8,60.8
100.0,40.0,64.43333333333334,80.0,86.7
98.3,36.2,29.86666666666667,77.5,60.4
100.0,62.7,34.43333333333333,88.10000000000002,61.9
100.0,14.4,31.53333333333333,76.5,42.3
100.0,0.0,58.96666666666667,100.0,130.8
97.4,17.3,34.26666666666667,85.80000000000003,66.8
100.0,100.0,66.66666666666667,100.0,100.0
97.4,20.5,36.73333333333333,51.3,56.40000000000001
100.0,50.0,32.43333333333333,88.1,86.80000000000004
100.0,14.6,34.46666666666668,93.2,89.9
100.0,75.4,42.13333333333333,89.5,96.5
95.8,44.2,36.3,86.9,76.9
99.2,57.9,35.06666666666667,92.4,66.2
96.6,5.1,33.333333333333336,89.69999999999996,78.0
96.8,13.1,37.56666666666667,65.3,50.6
99.1,18.5,29.8,63.90000000000001,70.9
92.0,38.0,39.0,87.0,75.0
97.4,7.8000000000000025,31.600000000000005,98.3,70.7
100.0,50.0,42.73333333333333,87.6,84.3
99.2,2.5,35.6,91.3,81.2
96.9,18.3,61.46666666666666,91.1,71.60000000000002
99.4,45.2,41.66666666666666,89.3,76.3
100.0,49.1,35.766666666666666,90.6,81.6
96.7,42.7,37.266666666666666,82.3,61.0
99.4,86.9,42.46666666666667,89.4,75.6
98.7,59.9,37.93333333333333,93.5,84.8
100.0,21.70000000000001,36.96666666666667,86.5,98.6
96.1,32.6,32.46666666666667,73.4,59.0
97.4,25.8,39.36666666666667,84.0,71.2
99.1,48.90000000000001,35.533333333333346,91.2,67.4
100.0,51.4,45.63333333333333,92.2,72.89999999999998
100.0,43.1,39.1,87.29999999999998,66.1
100.0,28.6,42.86666666666667,100.0,57.2
100.0,80.0,33.333333333333336,100.0,100.0
99.5,56.1,58.4,86.9,74.8
100.0,82.7,59.06666666666666,88.9,87.0
100.0,73.9,35.63333333333333,85.3,88.6
99.6,35.1,45.8,92.1,83.80000000000003
97.3,56.6,40.433333333333344,86.69999999999996,75.7
99.5,46.6,43.06666666666666,86.7,77.6
98.9,43.7,34.06666666666667,82.80000000000003,63.2
96.0,38.7,38.23333333333333,91.7,74.4
97.4,41.8,32.23333333333334,86.7,50.3
99.5,61.5,32.166666666666664,87.5,73.5
99.4,45.8,48.3,68.7,51.3
98.9,50.3,46.19999999999999,83.4,82.69999999999997
97.5,50.7,33.23333333333333,91.7,64.2
97.6,73.3,33.3,85.5,73.0
98.2,60.40000000000001,49.90000000000001,93.0,81.1
99.33571428571429,78.4,44.802380952380936,87.71428571428574,79.50714285714284
97.5,41.0,38.53333333333333,81.9,65.6
98.4,48.3,38.13333333333333,76.30000000000003,61.1
94.5,31.8,32.86666666666667,78.4,62.7
97.7,47.0,46.53333333333334,74.5,62.1
100.0,57.2,51.56666666666667,96.1,65.89999999999999
100.0,59.4,43.29999999999999,87.9,88.6
96.6,41.6,31.23333333333333,75.0,51.90000000000001
99.5,46.3,34.46666666666667,86.3,60.40000000000001
97.2,52.0,34.6,81.7,70.3
97.5,39.1,35.566666666666656,81.1,60.90000000000001
97.1,41.2,32.6,85.1,76.2
99.7,36.0,23.0,65.69999999999999,41.8
97.8,46.7,44.46666666666667,91.1,66.7
99.5,56.9,35.533333333333346,83.9,65.6
100.0,42.9,36.53333333333333,85.7,90.5
98.0,58.8,32.03333333333334,98.1,80.39999999999998
98.5,51.5,38.0,87.60000000000002,69.8
100.0,57.7,31.36666666666667,86.6,59.7
98.2,52.5,36.56666666666667,80.2,72.80000000000003
98.6,26.6,30.066666666666666,86.0,53.2
100.0,33.5,36.46666666666667,88.4,72.7
99.4,39.1,31.1,87.80000000000004,65.9
99.2,66.9,35.533333333333346,82.7,79.4
98.6,37.5,32.9,75.6,61.1
98.5,57.1,35.2,83.7,67.9
98.0,56.9,36.03333333333333,66.7,67.1
99.6,51.8,45.96666666666666,93.3,82.1
99.1,32.4,31.566666666666666,87.0,74.2
100.0,88.0,35.13333333333333,99.3,98.5
99.5,35.3,30.766666666666666,89.5,70.6
95.5,57.2,33.73333333333333,90.2,76.0
96.8,91.0,30.966666666666665,84.60000000000002,70.5
98.9,90.7,32.6,85.80000000000003,58.1
95.1,90.7,31.5,69.1,59.90000000000001
96.7,53.5,32.266666666666666,96.2,74.0
97.8,61.7,34.26666666666666,86.9,74.9
98.9,47.7,32.2,67.80000000000001,73.3
93.9,54.3,33.800000000000004,91.4,69.10000000000001
98.4,65.2,30.76666666666667,83.80000000000003,66.0
100.0,34.8,38.03333333333335,86.7,79.39999999999998
99.6,43.5,34.333333333333336,85.89999999999998,70.2
97.4,45.2,30.96666666666667,78.1,68.9
98.3,34.2,35.76666666666667,75.80000000000003,68.6
99.0,35.0,39.03333333333333,81.7,70.3
100.0,49.6,40.36666666666667,85.3,75.2
98.3,43.8,33.43333333333334,81.80000000000003,68.3
100.0,49.6,35.6,84.5,81.4
97.1,58.8,28.43333333333333,89.8,50.0
97.6,45.2,34.4,84.8,66.5
99.2,0.8,28.73333333333333,83.7,54.5
99.1,49.8,38.50000000000001,85.8,81.1
98.8,37.9,34.56666666666666,81.0,64.60000000000001
97.8,0.6,37.4,93.9,85.0
97.5,24.7,35.43333333333333,87.9,88.7
100.0,61.90000000000001,69.03333333333333,95.7,102.9
94.9,67.8,37.73333333333333,90.5,76.7
98.9,60.421428571428564,43.41904761904761,87.37857142857145,67.77857142857142
98.8,31.0,36.9,90.5,89.30000000000004
97.3,57.9,36.833333333333336,91.3,90.3
94.0,39.3,37.73333333333333,85.9,72.1
99.5,37.2,31.73333333333333,66.2,72.0
99.4,15.8,31.000000000000004,79.8,67.8
91.1,42.0,36.63333333333333,78.69999999999997,68.8
93.1,12.6,20.633333333333336,62.1,33.3
100.0,73.6,43.16666666666666,91.2,83.8
70.8,32.6,26.6,71.89999999999998,44.9
40.2,2.4,17.900000000000006,50.0,35.4
100.0,56.8,34.7,96.0,78.4
90.1,1.7,21.5,53.8,42.2
94.9,17.2,30.83333333333333,71.3,55.1
97.9,68.3,37.333333333333336,91.6,70.8
98.8,64.6,34.53333333333333,79.3,79.3
100.0,0.0,33.333333333333336,74.0,58.90000000000001
95.0,53.7,19.33333333333333,19.3,41.1
93.1,11.8,26.46666666666667,76.5,46.1
90.0,6.7,31.066666666666666,81.6,58.3
100.0,26.0,29.96666666666667,91.3,59.4
100.0,75.0,40.333333333333336,97.1,64.0
100.0,97.4,32.0,88.1,83.5
93.9,3.0,27.266666666666666,90.9,54.6
96.9,4.5,32.63333333333333,77.7,24.7
100.0,95.0,31.66666666666667,95.0,60.0
98.9,15.1,27.93333333333333,41.5,35.1
99.0,67.4,35.86666666666667,71.8,73.0
91.1,24.4,26.03333333333333,47.5,41.5
99.0,43.8,29.399999999999995,86.1,62.3
99.9,64.3,41.1,84.9,80.3
98.6,52.9,37.5,88.70000000000002,84.9
92.7,23.4,40.06666666666667,100.0,69.39999999999999
100.0,11.1,11.1,33.3,22.2
95.0,77.6,36.66666666666666,84.30000000000003,81.6
91.4,44.2,32.23333333333333,62.39999999999999,46.4
93.6,14.1,31.0,68.5,39.2
98.8,96.0,46.40000000000001,91.1,78.1
97.4,86.9,33.46666666666666,83.7,36.8
97.8,78.0,29.23333333333333,77.80000000000003,29.5
100.0,99.2,31.73333333333333,81.6,47.2
98.5,49.4,33.96666666666666,85.00000000000001,44.2
99.4,51.3,34.6,90.0,64.6
99.1,28.7,31.6,63.90000000000001,53.4
99.2,27.1,34.8,82.10000000000002,33.1
99.5,86.1,63.83333333333334,95.6,107.0
97.5,36.0,42.70000000000001,87.4,61.6
95.8,28.9,33.6,77.0,60.2
99.3,48.0,36.23333333333333,83.3,78.0
98.9,39.90000000000001,33.96666666666667,83.7,73.7
100.0,45.40000000000001,38.1,80.1,68.1
99.2,43.3,32.4,81.2,65.6
100.0,40.5,35.93333333333333,90.5,82.1
98.2,61.5,41.13333333333333,79.39999999999998,60.3
99.1,70.3,36.03333333333335,87.19999999999996,80.3
98.4,26.70000000000001,31.16666666666667,81.80000000000003,58.3
99.9,74.30000000000003,40.1,85.3,65.9
99.2,54.3,35.66666666666667,89.10000000000002,82.4
98.0,43.9,31.23333333333333,78.10000000000002,35.2
97.9,78.0,34.63333333333333,82.80000000000003,65.4
97.8,94.7,42.1,91.4,60.7
99.0,88.8,36.06666666666667,81.5,63.7
98.5,69.1,36.4,89.5,64.3
99.2,58.89999999999999,34.56666666666666,83.60000000000002,65.8
99.5,42.8,40.96666666666668,88.3,68.4
97.4,44.8,34.73333333333333,85.5,59.4
98.5,39.0,43.53333333333334,84.69999999999997,81.1
99.7,74.2,37.06666666666667,85.8,73.2
99.0,42.9,33.666666666666664,91.5,72.4
99.4,67.4,36.3,79.4,68.5
97.7,64.39999999999999,41.23333333333333,90.4,64.9
98.6,80.7,42.2,90.9,83.4
99.2,91.3,34.23333333333333,79.2,88.5
99.2,34.0,30.0,79.0,45.3
98.4,36.6,31.43333333333333,80.5,55.3
98.6,50.1,34.666666666666664,84.30000000000003,71.7
98.8,66.9,35.93333333333333,92.0,69.9
43.8,43.8,15.633333333333333,90.6,37.5
99.7,92.2,47.0,93.9,89.6
97.1,100.0,37.83333333333333,91.5,70.7
98.3,96.3,30.93333333333333,81.60000000000002,40.6
89.5,50.6,54.7,80.0,44.2
95.9,22.0,30.33333333333333,72.6,21.6
97.6,61.0,35.80000000000001,65.9,53.6
100.0,8.1,36.76666666666666,79.6,10.2
71.8,15.5,19.7,0.0,43.7
67.0,0.0,27.266666666666666,70.4,33.9
100.0,43.90000000000001,31.0,94.8,87.7
96.7,33.90000000000001,33.3,83.5,59.7
89.4,47.7,31.366666666666664,63.7,61.4
94.2,46.90000000000001,34.73333333333333,72.1,52.1
92.9,33.9,31.266666666666666,74.9,55.1
81.4,25.6,29.20000000000001,58.99999999999999,48.8
100.0,53.1,35.433333333333344,93.7,93.8
98.8,73.19999999999997,34.26666666666667,90.9,86.0
99.7,54.4,39.1,80.0,79.3
99.7,40.0,35.86666666666667,84.5,74.3
99.5,46.8,38.2,93.8,83.8
98.0,39.7,33.73333333333333,80.1,64.80000000000001
99.4,74.5,36.56666666666667,89.0,71.4
99.3,51.7,40.73333333333334,90.7,68.1
99.3,77.10000000000002,39.16666666666667,88.89999999999998,68.5
98.6,54.0,30.70000000000001,85.5,57.3
97.6,43.0,35.03333333333333,91.0,71.1
98.5,69.6,30.1,85.4,58.0
98.5,20.8,40.333333333333336,91.4,74.7
99.7,71.9,34.73333333333333,93.0,83.6
99.8,66.5,33.96666666666668,91.6,68.5
99.6,75.7,34.300000000000004,97.0,77.4
96.4,66.1,40.9,85.8,69.1
99.2,88.2,39.63333333333333,93.7,92.9
99.3,73.8,33.43333333333333,90.6,74.5
99.4,86.7,35.96666666666665,87.1,80.1
98.4,89.3,34.6,87.0,69.5
97.6,62.0,30.26666666666667,67.80000000000001,54.4
99.1,85.6,35.80000000000001,95.0,80.80000000000003
98.6,23.1,35.2,90.9,67.2
95.8,75.2,31.43333333333333,86.4,59.5
96.1,73.2,35.0,90.5,75.89999999999998
97.9,72.5,33.03333333333334,91.4,68.0
93.8,64.6,35.5,64.6,51.2
97.9,96.8,33.46666666666667,84.69999999999997,54.0
98.6,84.5,33.93333333333334,93.2,72.5
100.0,91.9,36.96666666666667,93.1,64.7
96.8,54.5,34.23333333333333,81.8,50.3
97.7,82.69999999999997,39.7,83.5,61.0
98.9,93.7,64.89999999999999,96.9,84.2
99.2,94.4,33.06666666666666,87.2,62.4
99.0,76.0,39.63333333333333,91.8,62.5
98.6,43.3,45.03333333333333,82.3,69.60000000000001
97.9,26.2,35.93333333333333,76.6,54.6
98.5,66.8,36.066666666666656,92.8,88.9
94.5,57.40000000000001,46.63333333333333,84.80000000000003,68.8
96.9,45.2,34.9,93.8,63.0
99.1,66.0,34.166666666666664,89.9,73.1
99.9,47.90000000000001,42.1,89.8,72.0
98.2,88.9,41.766666666666666,76.69999999999997,87.19999999999996
99.1,90.8,34.4,81.3,74.9
92.0,93.5,31.16666666666667,69.6,44.2
96.6,39.8,36.0,88.19999999999996,73.2
99.0,48.9,35.6,81.1,65.7
98.8,53.0,35.566666666666656,88.4,76.6
99.6,61.0,38.3,82.7,77.9
100.0,2.9000000000000004,30.93333333333333,81.8,65.2
98.1,96.1,26.53333333333333,76.7,67.0
96.5,54.8,33.9,94.8,73.1
98.5,55.5,40.56666666666667,91.2,97.6
98.1,53.6,37.36666666666667,93.4,77.3
98.7,46.4,59.16666666666666,92.9,84.2
99.5,53.3,38.833333333333336,91.5,79.0
98.4,29.7,35.4,90.6,70.3
95.1,70.8,32.36666666666667,69.7,50.4
96.8,15.3,23.366666666666664,88.70000000000002,45.9
63.9,17.1,13.5,67.1,35.5
93.8,6.2,27.766666666666666,79.1,49.0
100.0,1.0,23.5,90.20000000000002,57.9
93.4,18.2,29.86666666666667,77.2,54.5
100.0,33.3,13.9,66.7,41.7
77.9,16.7,19.066666666666666,55.4,29.70000000000001
94.1,60.3,35.533333333333346,97.8,79.39999999999998
98.1,62.2,37.73333333333333,83.00000000000001,50.9
86.3,2.0,44.43333333333333,86.4,117.6
98.1,34.800000000000004,31.266666666666666,73.9,55.3
96.7,31.4,36.333333333333336,77.6,60.0
93.0,42.3,30.53333333333333,80.80000000000003,51.4
95.9,65.5,32.333333333333336,73.1,52.6
92.1,18.0,32.166666666666664,76.9,34.6
99.1,76.1,32.666666666666664,83.6,57.4
99.0,50.7,32.0,84.1,54.7
97.48999999999998,75.20500000000001,40.84666666666667,87.78999999999998,68.845
98.8,95.2,24.20000000000001,57.1,52.40000000000001
97.5,34.7,29.36666666666667,88.10000000000002,75.5
97.2,93.5,37.86666666666667,71.2,78.3
95.2,100.0,48.03333333333333,98.8,139.3
92.4,89.2,39.5,65.2,70.6
100.0,100.0,30.633333333333336,87.4,72.4
100.0,100.0,34.13333333333333,99.9,111.1
100.0,97.5,32.46666666666666,91.1,82.3
89.3,96.4,42.86666666666667,96.4,114.3
100.0,100.0,41.13333333333333,98.7,135.1
46.9,66.9,16.233333333333334,52.6,43.8
94.1,98.0,26.83333333333333,84.4,43.2
98.0,94.8,29.4,71.30000000000003,50.1
99.6,99.3,35.73333333333333,88.9,77.6
95.0,91.7,35.266666666666666,86.7,57.9
100.0,10.6,35.83333333333333,80.3,90.9
100.0,100.0,45.2,100.0,111.9
100.0,45.0,49.13333333333333,94.9,69.7
100.0,94.9,35.0,100.0,71.8
96.9,90.5,35.13333333333333,88.0,71.0
98.8,87.2,36.833333333333336,96.5,83.8
97.3,96.6,34.7,85.8,75.7
95.7,90.2,35.13333333333333,90.3,73.9
95.8,93.3,38.36666666666667,89.1,79.9
96.8,85.0,34.73333333333333,92.3,63.2
95.9,76.0,37.76666666666666,93.5,90.1
99.0,68.2,36.6,78.9,57.8
90.9,72.7,37.36666666666667,81.8,81.8
94.2,96.2,37.16666666666666,86.5,73.1
99.0,66.7,46.06666666666667,56.1,57.5
99.2,99.2,37.43333333333333,95.0,76.9
98.8,91.9,31.8,86.2,43.3
96.5,8.7,44.16666666666666,89.0,72.0
98.9,98.9,40.0,93.3,87.80000000000004
95.4,84.8,32.36666666666667,80.3,71.9
89.2,57.3,31.13333333333333,73.5,30.8
100.0,88.5,32.46666666666666,89.7,96.2
98.0,93.4,37.766666666666666,77.7,56.4
96.8,93.6,37.63333333333333,88.4,81.4
98.3,93.20000000000002,37.93333333333333,89.69999999999996,70.7
95.1,98.9,37.13333333333333,90.8,90.3
100.0,97.8,31.1,86.60000000000002,73.30000000000003
96.7,92.0,36.46666666666667,78.0,70.6
96.5,99.3,33.800000000000004,93.6,82.4
96.4,92.7,33.5,84.0,58.5
98.0,6.0,30.66666666666667,70.0,54.7
100.0,83.9,31.23333333333333,85.7,61.6
97.1,95.7,53.8,95.8,71.4
98.4,83.0,33.06666666666667,95.2,62.6
94.0,21.0,25.33333333333333,75.0,39.0
94.7,52.1,33.9,83.60000000000002,52.8
98.5,85.7,42.36666666666667,93.6,85.0
99.3,65.7,53.43333333333334,84.3,121.2
95.4,58.90000000000001,34.16666666666667,81.69999999999997,51.7
95.6,81.3,33.333333333333336,72.49999999999999,64.8
95.6,93.4,34.8,94.5,75.8
97.4,0.0,29.066666666666666,76.9,70.5
99.3,74.9,29.9,82.2,57.4
98.79285714285713,85.69285714285716,39.51428571428571,87.80714285714285,63.042857142857144
98.6,79.7,34.800000000000004,95.7,95.6
96.9,96.2,32.83333333333333,91.1,68.89999999999999
96.8,44.2,36.46666666666667,97.8,92.6
99.2,66.5,49.63333333333333,97.0,91.6
99.6,96.5,36.766666666666666,91.7,92.1
100.0,100.0,22.23333333333333,100.0,66.7
97.4,74.5,34.86666666666667,83.6,83.19999999999997
97.8,30.5,33.833333333333336,85.7,83.6
98.8,92.6,38.06666666666667,85.69999999999997,87.6
98.2,74.4,36.766666666666666,85.9,106.7
98.4,80.6,38.2,92.4,69.2
97.2,77.5,37.333333333333336,90.3,71.5
99.4,100.0,39.1,96.8,96.2
99.7,81.19999999999997,54.43333333333334,89.0,44.7
93.1,81.19999999999997,44.63333333333335,74.8,66.5
98.5,83.6,35.333333333333336,97.0,106.0
91.5,5.4,35.833333333333336,94.7,93.6
91.1,69.60000000000001,33.6,83.80000000000003,66.7
94.6,64.0,29.43333333333333,89.1,75.8
98.8,66.8,34.96666666666666,91.1,79.5
94.6,31.4,34.599999999999994,79.5,63.8
99.3,95.5,32.833333333333336,92.6,81.5
99.0,82.3,43.0,90.7,84.3
97.0,9.0,31.366666666666664,53.8,40.3
92.2,48.3,29.600000000000005,82.4,60.3
94.9,64.80000000000001,34.7,88.89999999999998,39.6
97.8,94.9,37.466666666666654,83.5,62.4
98.9,97.5,32.03333333333333,78.49999999999999,56.9
100.0,98.3,33.7,90.1,79.2
95.0,85.0,30.0,90.0,70.0
100.0,97.1,40.9,91.2,82.3
98.3,37.7,30.20000000000001,68.2,36.3
99.1,12.7,19.366666666666664,47.3,43.6
96.2,6.2,32.06666666666667,87.5,65.0
99.2,99.2,34.23333333333333,53.3,60.1
96.4,63.9,29.3,54.8,38.5
97.3,56.2,35.166666666666664,80.9,42.40000000000001
96.9,68.1,29.6,73.39999999999998,41.7
98.2,94.1,50.6,91.7,45.9
94.8,99.2,26.43333333333333,66.6,48.90000000000001
95.5,71.6,35.2,87.1,60.7
96.9,52.7,31.466666666666665,82.8,52.2
94.5,57.7,44.1,83.4,60.3
99.0,23.5,37.16666666666666,90.1,61.5
98.5,24.5,23.366666666666664,87.0,28.1
96.0,81.3,31.83333333333333,47.7,60.3
98.4,9.7,29.03333333333333,90.3,74.2
87.9,60.5,28.9,82.2,47.8
98.1,98.7,32.03333333333333,88.39999999999998,60.9
96.6,54.7,28.46666666666667,60.4,54.7
95.5,96.0,31.3,87.9,58.8
98.3,67.2,37.53333333333333,73.5,38.5
99.7,93.7,30.70000000000001,82.39999999999998,38.6
98.7,38.3,32.23333333333333,66.0,48.4
100.0,76.7,30.86666666666667,77.4,45.5
89.1,51.6,24.466666666666665,56.3,35.9
95.4,98.5,24.83333333333333,62.6,38.2
100.0,100.0,27.43333333333333,66.1,41.90000000000001
97.8,71.80000000000003,34.166666666666664,86.0,34.7
100.0,60.8,37.66666666666666,99.9,73.89999999999998
95.7,93.1,47.53333333333334,88.4,55.0
99.1,47.9,32.166666666666664,89.7,86.3
84.6,84.60000000000002,41.03333333333333,84.6,84.6
97.3,66.1,42.0,74.7,61.1
99.6,10.2,36.433333333333344,88.0,85.39999999999998
98.0,71.89999999999998,33.6,89.6,64.9
98.9,96.5,38.3,97.7,110.4
92.5,57.2,42.46666666666667,71.89999999999998,52.8
98.6,18.9,34.23333333333334,79.79999999999998,73.0
99.7,82.89999999999998,39.5,98.3,79.2
91.3,24.6,31.76666666666667,69.1,28.8
98.6,48.6,36.266666666666666,85.9,49.40000000000001
